YYYY	MM	DD	hh	WD	WSP	D GST	WVHT	DPD	APD	MWD	BAR	ATMP	WTMP	DEWP	VIS	TIDE
2004	11	1	22	355	3.6	8.7	99	99	99	999	1017.8	13.2	13.7	999	99	99
2004	11	1	23	1	3.5	8.6	99	99	99	999	1018.7	12.5	13.6	999	99	99
2004	11	2	0	3	3.6	5.1	99	99	99	999	1020.1	11.7	13.5	999	99	99
2004	11	2	1	32	4.2	8.3	99	99	99	999	1020.9	11.1	13.5	999	99	99
2004	11	2	2	62	3.9	10.3	99	99	99	999	1022	9.8	13.6	999	99	99
2004	11	2	3	50	4.4	5.8	99	99	99	999	1022	9.3	13.4	999	99	99
2004	11	2	4	34	4.4	7.3	99	99	99	999	1022.3	8.5	13.3	999	99	99
2004	11	2	5	26	4	8.2	99	99	99	999	1022.3	8.1	13.3	999	99	99
2004	11	2	6	32	3.8	6.5	99	99	99	999	1022.8	7.8	13.2	999	99	99
2004	11	2	7	38	3.6	5.8	99	99	99	999	1023.3	7.6	13.2	999	99	99
2004	11	2	8	57	2.7	6.5	99	99	99	999	1023.3	6.8	13.2	999	99	99
2004	11	2	9	61	3.1	4.6	99	99	99	999	1023.2	6.4	13.2	999	99	99
2004	11	2	10	32	2	4.5	99	99	99	999	1023.4	6.2	13.3	999	99	99
2004	11	2	11	28	2.2	4.5	99	99	99	999	1024.3	6.6	13.2	999	99	99
2004	11	2	12	56	2.9	4.4	99	99	99	999	1024.1	7.2	13.1	999	99	99
2004	11	2	13	46	4.5	5.3	99	99	99	999	1024.4	7.3	13.2	999	99	99
2004	11	2	14	18	0.1	1.3	99	99	99	999	1024	8.2	13.1	999	99	99
2004	11	2	15	213	0	0.6	99	99	99	999	1023.8	9.5	13	999	99	99
2004	11	2	16	140	2.8	4.2	99	99	99	999	1023.1	9.8	13	999	99	99
2004	11	2	17	185	1.1	4	99	99	99	999	1022.2	10	13	999	99	99
2004	11	2	18	165	4.1	5	99	99	99	999	1021	10.6	12.6	999	99	99
2004	11	2	19	186	4.3	6.2	99	99	99	999	1020.2	10.9	12.8	999	99	99
2004	11	2	20	207	4.5	6	99	99	99	999	1019.8	11.3	12.7	999	99	99
2004	11	2	21	200	5.8	7.1	99	99	99	999	1018.5	11.3	12.9	999	99	99
2004	11	2	22	209	4.8	7	99	99	99	999	1018.1	11.5	12.8	999	99	99
2004	11	2	23	209	5.5	8	99	99	99	999	1017.7	11.7	12.8	999	99	99
2004	11	3	0	196	6.6	7.8	99	99	99	999	1016.4	12	12.8	999	99	99
2004	11	3	1	205	6.5	10.2	99	99	99	999	1015.1	12.6	12.9	999	99	99
2004	11	3	2	222	5.5	8.2	99	99	99	999	1014.5	13.3	13	999	99	99
2004	11	3	3	209	4.2	5.5	99	99	99	999	1012.9	13.4	13	999	99	99
2004	11	3	4	216	4.3	6	99	99	99	999	1011.4	13.7	13	999	99	99
2004	11	3	5	230	4.9	6	99	99	99	999	1010	13.9	13	999	99	99
2004	11	3	6	246	4.2	5.9	99	99	99	999	1009.2	14.5	12.9	999	99	99
2004	11	3	7	240	4.2	5.7	99	99	99	999	1008	14.4	12.9	999	99	99
2004	11	3	8	262	0.4	6.1	99	99	99	999	1006.8	14.4	12.8	999	99	99
2004	11	3	9	293	2.5	3.4	99	99	99	999	1007	14.4	12.9	999	99	99
2004	11	3	10	326	3.3	4.6	99	99	99	999	1007.3	14.3	13.1	999	99	99
2004	11	3	11	354	6.2	9.1	99	99	99	999	1008.3	14.2	13.1	999	99	99
2004	11	3	12	351	6.7	12.9	99	99	99	999	1009.9	13.6	13.1	999	99	99
2004	11	3	13	350	8.9	12.2	99	99	99	999	1011.7	12.7	13.1	999	99	99
2004	11	3	14	349	7.9	11.5	99	99	99	999	1012.5	13.2	13.1	999	99	99
2004	11	3	15	2	4.6	13.1	99	99	99	999	1013.7	13.1	13	999	99	99
2004	11	3	16	15	7.3	12.8	99	99	99	999	1014	13	13.2	999	99	99
2004	11	3	17	359	7.6	9.8	99	99	99	999	1014.5	13.5	13.2	999	99	99
2004	11	3	18	9	5.4	10.6	99	99	99	999	1014.9	13.6	13.2	999	99	99
2004	11	3	19	19	7.1	11.3	99	99	99	999	1015.7	13.5	13.2	999	99	99
2004	11	3	20	15	6.8	11	99	99	99	999	1016.4	13.4	13.2	999	99	99
2004	11	3	21	3	4.4	9	99	99	99	999	1017.3	13.1	13.2	999	99	99
2004	11	3	22	353	5.3	7.4	99	99	99	999	1018.7	11.5	13.1	999	99	99
2004	11	3	23	11	4.5	8.8	99	99	99	999	1019.8	10.8	13.1	999	99	99
2004	11	4	0	6	4.4	8.3	99	99	99	999	1020.4	10.1	13	999	99	99
2004	11	4	1	10	4.1	6.1	99	99	99	999	1020.9	9.1	13	999	99	99
2004	11	4	2	2	6.3	10.4	99	99	99	999	1021.6	8.4	13	999	99	99
2004	11	4	3	359	4.8	8.7	99	99	99	999	1022.2	7.4	12.9	999	99	99
2004	11	4	4	19	6	8.7	99	99	99	999	1022.4	6.5	12.7	999	99	99
2004	11	4	5	24	6	10.3	99	99	99	999	1022.3	5.5	12.4	999	99	99
2004	11	4	6	25	4.7	9	99	99	99	999	1022.4	4.9	12.3	999	99	99
2004	11	4	7	22	4.6	7.6	99	99	99	999	1022.7	4.5	12.2	999	99	99
2004	11	4	8	29	5.6	9.1	99	99	99	999	1022.5	4	12.2	999	99	99
2004	11	4	9	49	5.2	7.1	99	99	99	999	1022.1	3.9	11.9	999	99	99
2004	11	4	10	55	5.6	7.7	99	99	99	999	1022.1	3.4	11.9	999	99	99
2004	11	4	11	62	2.8	3.7	99	99	99	999	1022.2	2.9	11.9	999	99	99
2004	11	4	12	62	3.3	4.7	99	99	99	999	1021.7	3.3	11.9	999	99	99
2004	11	4	13	50	2.9	4.3	99	99	99	999	1021.5	4.1	11.8	999	99	99
2004	11	4	14	42	1.2	2.6	99	99	99	999	1020.8	4.5	11.9	999	99	99
2004	11	4	16	218	0.6	3.1	99	99	99	999	1019.5	6.4	11.9	999	99	99
2004	11	4	17	197	0.2	2.7	99	99	99	999	1018	7.1	12.1	999	99	99
2004	11	4	18	195	3.6	4.7	99	99	99	999	1016.7	8.1	11.7	999	99	99
2004	11	4	19	205	5.8	8	99	99	99	999	1015.5	9.1	11.6	999	99	99
2004	11	4	20	203	7	7.9	99	99	99	999	1014.4	9.7	11.8	999	99	99
2004	11	4	21	192	5.1	6.9	99	99	99	999	1012.9	10.2	12.2	999	99	99
2004	11	4	22	183	6.2	7.9	99	99	99	999	1011.1	10.7	12	999	99	99
2004	11	4	23	180	5.9	8.6	99	99	99	999	1009.7	10.7	12	999	99	99
2004	11	5	0	174	5.7	10	99	99	99	999	1007.1	10.7	12	999	99	99
2004	11	5	1	159	9.2	12.3	99	99	99	999	1004.7	10.9	12.2	999	99	99
2004	11	5	2	159	6.9	12	99	99	99	999	1001.9	11.3	12.3	999	99	99
2004	11	5	3	153	5.9	9.2	99	99	99	999	997.4	12.2	12.1	999	99	99
2004	11	5	4	177	8.5	16	99	99	99	999	993.3	13.6	12.5	999	99	99
2004	11	5	5	24	1.3	4.1	99	99	99	999	993.1	11.6	12.3	999	99	99
2004	11	5	6	322	3.9	7.5	99	99	99	999	992.5	11.1	12.4	999	99	99
2004	11	5	7	311	6.4	8.1	99	99	99	999	993.1	11	12.7	999	99	99
2004	11	5	8	284	4.6	8.6	99	99	99	999	993.4	9.9	12.8	999	99	99
2004	11	5	9	277	6.6	8.7	99	99	99	999	993.3	9.7	12.9	999	99	99
2004	11	5	10	280	6.3	8	99	99	99	999	993.9	9.6	12.9	999	99	99
2004	11	5	11	289	5.9	10.6	99	99	99	999	995.3	9.6	12.9	999	99	99
2004	11	5	12	275	7	10.3	99	99	99	999	996.4	9.8	12.9	999	99	99
2004	11	5	13	293	7.4	11.4	99	99	99	999	997.7	10.4	12.9	999	99	99
2004	11	5	14	275	9	13.4	99	99	99	999	998	10.4	12.7	999	99	99
2004	11	5	15	276	9.8	14	99	99	99	999	998.4	10.7	12.8	999	99	99
2004	11	5	16	302	12.1	17.5	99	99	99	999	998.7	11.4	12.7	999	99	99
2004	11	5	17	282	10.2	14.1	99	99	99	999	998.4	12.1	12.7	999	99	99
2004	11	5	19	307	10.2	19.9	99	99	99	999	1000.1	11.3	12.6	999	99	99
2004	11	5	20	314	7.8	13.2	99	99	99	999	1000.5	11.6	12.6	999	99	99
2004	11	5	21	314	7.9	16	99	99	99	999	1001.7	11.4	12.6	999	99	99
2004	11	5	22	317	11.1	15.3	99	99	99	999	1003.2	9.9	12.6	999	99	99
2004	11	5	23	299	10.6	15.9	99	99	99	999	1004.5	9.5	12.4	999	99	99
2004	11	6	0	296	9.2	14.9	99	99	99	999	1005.5	8.7	12.2	999	99	99
2004	11	6	1	297	3.2	15.3	99	99	99	999	1006.6	8.3	12.2	999	99	99
2004	11	6	2	299	7.9	10.2	99	99	99	999	1007.3	8.2	12.1	999	99	99
2004	11	6	3	286	4.7	7.6	99	99	99	999	1007.8	7.9	12	999	99	99
2004	11	6	4	265	6.3	8.8	99	99	99	999	1008.2	8	11.9	999	99	99
2004	11	6	5	281	6	9.5	99	99	99	999	1008.6	8.1	11.8	999	99	99
2004	11	6	6	269	6.7	8.9	99	99	99	999	1009.1	7.6	11.8	999	99	99
2004	11	6	7	267	8	12.7	99	99	99	999	1009.8	7.7	10.9	999	99	99
2004	11	6	8	266	7.5	10.9	99	99	99	999	1009.8	7.7	10.6	999	99	99
2004	11	6	9	267	6.1	8.2	99	99	99	999	1010.2	7.7	10.6	999	99	99
2004	11	6	10	265	5.5	7.5	99	99	99	999	1010.1	7.7	10.6	999	99	99
2004	11	6	11	263	6.3	9.2	99	99	99	999	1010.1	7.9	10.5	999	99	99
2004	11	6	12	266	6.3	11.3	99	99	99	999	1010.1	8.4	10.6	999	99	99
2004	11	6	13	264	5.9	9.1	99	99	99	999	1010.2	8.7	10.6	999	99	99
2004	11	6	14	277	6.2	8.4	99	99	99	999	1010	9.4	10.6	999	99	99
2004	11	6	15	269	5.8	7.5	99	99	99	999	1009.2	10.6	10.6	999	99	99
2004	11	6	16	249	8.7	12.4	99	99	99	999	1007.9	10.9	10.7	999	99	99
2004	11	6	17	251	10.8	14.3	99	99	99	999	1007.1	11.7	10.8	999	99	99
2004	11	6	18	250	9.2	12.6	99	99	99	999	1006.5	12.5	10.9	999	99	99
2004	11	7	7	259	4.1	6.3	99	99	99	999	1010.5	11.7	10.9	999	99	99
2004	11	7	10	239	1.6	3.1	99	99	99	999	1011.3	10.4	10.4	999	99	99
2004	11	8	0	237	6.4	9.4	99	99	99	999	1008.1	13.6	12.2	999	99	99
2004	11	8	4	254	7.6	10.8	99	99	99	999	1006.8	14.1	12.2	999	99	99
2004	11	8	5	249	6.3	10	99	99	99	999	1006	14	12.2	999	99	99
2004	11	8	9	346	6.1	12.2	99	99	99	999	1008.4	11.8	12.4	999	99	99
2004	11	8	15	345	5.4	11.5	99	99	99	999	1017	7.2	11.8	999	99	99
2004	11	8	17	1	2.9	8	99	99	99	999	1017.1	9.5	12	999	99	99
2004	11	8	18	334	4.3	9	99	99	99	999	1017.4	9.7	12	999	99	99
2004	11	8	19	312	6.3	7.8	99	99	99	999	1017.5	10.1	12	999	99	99
2004	11	8	20	317	5.8	7.4	99	99	99	999	1018.1	10.5	12	999	99	99
2004	11	8	21	322	6.8	8.9	99	99	99	999	1018.8	8.6	11.6	999	99	99
2004	11	8	22	317	5.3	7.8	99	99	99	999	1020.1	8	11.6	999	99	99
2004	11	8	23	314	5.3	9	99	99	99	999	1021.2	7.3	11.5	999	99	99
2004	11	9	0	323	6.6	12	99	99	99	999	1021.9	6.3	11.3	999	99	99
2004	11	9	1	326	8.2	11.8	99	99	99	999	1022.6	5.2	11.1	999	99	99
2004	11	9	2	323	6.2	10.5	99	99	99	999	1023.5	4.3	11.3	999	99	99
2004	11	9	4	358	6.5	10.1	99	99	99	999	1024.1	3	11.3	999	99	99
2004	11	9	5	350	7.9	10.4	99	99	99	999	1024.3	2.4	11.2	999	99	99
2004	11	9	6	354	5.3	9	99	99	99	999	1024.5	2	11.2	999	99	99
2004	11	9	7	351	5.1	8	99	99	99	999	1025.3	1.5	10.8	999	99	99
2004	11	9	8	349	5.6	7.6	99	99	99	999	1025.7	1.2	10.9	999	99	99
2004	11	9	9	356	6.6	8.5	99	99	99	999	1026.3	0.9	10.8	999	99	99
2004	11	9	10	352	3.5	6.9	99	99	99	999	1027.1	0.6	9.5	999	99	99
2004	11	9	11	26	5.4	9.4	99	99	99	999	1027.6	1	9.4	999	99	99
2004	11	9	12	356	3.7	6.6	99	99	99	999	1028.6	1.6	9.7	999	99	99
2004	11	9	13	356	4.5	7.5	99	99	99	999	1029	2.4	9.5	999	99	99
2004	11	9	14	357	5.8	7.8	99	99	99	999	1029	2.7	9.6	999	99	99
2004	11	9	15	7	4.4	9.2	99	99	99	999	1029.2	3.2	9.8	999	99	99
2004	11	9	16	22	5.6	8.4	99	99	99	999	1029.1	3.3	9.6	999	99	99
2004	11	9	17	26	5.5	9.1	99	99	99	999	1028.6	3.4	9.8	999	99	99
2004	11	9	18	2	3.6	7.7	99	99	99	999	1028.5	4.2	10	999	99	99
2004	11	9	19	15	5	9	99	99	99	999	1028.7	4.8	10.1	999	99	99
2004	11	9	20	3	3.8	8.3	99	99	99	999	1029.2	5.1	10.4	999	99	99
2004	11	9	21	2	5.3	8.3	99	99	99	999	1029.7	4.1	10.3	999	99	99
2004	11	9	22	356	5	7.4	99	99	99	999	1030.6	3.4	9.9	999	99	99
2004	11	9	23	25	4.4	7.3	99	99	99	999	1031.4	2.9	9.8	999	99	99
2004	11	10	0	18	5.1	10.1	99	99	99	999	1032.3	2.2	9.9	999	99	99
2004	11	10	1	20	6.4	10.2	99	99	99	999	1033	1.7	9.8	999	99	99
2004	11	10	2	25	4.9	10.4	99	99	99	999	1033.7	1.2	9.6	999	99	99
2004	11	10	3	35	4.9	9.1	99	99	99	999	1033.8	0.6	9.6	999	99	99
2004	11	10	4	32	5.8	10.1	99	99	99	999	1033.9	0.1	9.6	999	99	99
2004	11	10	5	35	5.2	8.2	99	99	99	999	1034.1	-0.3	9.7	999	99	99
2004	11	10	6	32	4.8	8	99	99	99	999	1034.5	-0.6	9.9	999	99	99
2004	11	10	7	7	4.6	7.2	99	99	99	999	1034.8	-0.9	9.8	999	99	99
2004	11	10	8	352	3.5	7	99	99	99	999	1035	-1.4	9.9	999	99	99
2004	11	10	9	350	4.3	6.4	99	99	99	999	1035.4	-1.4	9.9	999	99	99
2004	11	10	10	28	4.2	6.9	99	99	99	999	1035.5	-1.6	9.8	999	99	99
2004	11	10	11	34	2.7	5.6	99	99	99	999	1035.8	-1.6	8.4	999	99	99
2004	11	10	12	38	3.7	5.1	99	99	99	999	1036.1	-1.1	8.1	999	99	99
2004	11	10	13	32	2.7	5.1	99	99	99	999	1036.9	0	8.7	999	99	99
2004	11	10	14	6	3.6	5.8	99	99	99	999	1037.3	1.2	8.8	999	99	99
2004	11	10	15	35	2.3	3.9	99	99	99	999	1037	1.1	8.8	999	99	99
2004	11	10	16	358	0.3	4.3	99	99	99	999	1036.8	2.8	8.7	999	99	99
2004	11	10	17	274	1.3	2.6	99	99	99	999	1036	4.2	8.9	999	99	99
2004	11	10	18	227	2.3	3.6	99	99	99	999	1035.1	3.4	8.9	999	99	99
2004	11	10	19	194	3.4	5.6	99	99	99	999	1034.3	3	9.2	999	99	99
2004	11	10	20	208	4.2	5.6	99	99	99	999	1034.2	3.4	11	999	99	99
2004	11	10	21	227	5.5	6.7	99	99	99	999	1033.6	3.6	11.4	999	99	99
2004	11	10	22	261	5.3	8.2	99	99	99	999	1033.5	3.6	10.8	999	99	99
2004	11	10	23	269	3.5	4.9	99	99	99	999	1033.6	3.5	10.9	999	99	99
2004	11	11	0	263	4.4	6.1	99	99	99	999	1033.6	4.2	10.3	999	99	99
2004	11	11	1	258	4.2	6.9	99	99	99	999	1033.5	4.8	10	999	99	99
2004	11	11	2	256	6.9	8.9	99	99	99	999	1032.7	6	9.9	999	99	99
2004	11	11	3	264	4.2	6.8	99	99	99	999	1032.1	6.2	9.8	999	99	99
2004	11	11	4	248	7.6	10.7	99	99	99	999	1031.2	7.5	9.9	999	99	99
2004	11	11	5	244	8.1	10.9	99	99	99	999	1031	7.7	10	999	99	99
2004	11	11	6	251	9	11.5	99	99	99	999	1030	8.2	10.1	999	99	99
2004	11	11	7	253	8.7	11.3	99	99	99	999	1029.7	8.8	10.4	999	99	99
2004	11	11	8	256	9.2	12.9	99	99	99	999	1028.8	9	10.3	999	99	99
2004	11	11	9	251	5.2	7.6	99	99	99	999	1028.5	8.8	10	999	99	99
2004	11	11	10	257	5	8.7	99	99	99	999	1028	9.2	10.6	999	99	99
2004	11	11	11	255	7.3	9.4	99	99	99	999	1027.5	9.6	10.3	999	99	99
2004	11	11	12	256	5.9	8.8	99	99	99	999	1027.5	9.7	10.3	999	99	99
2004	11	11	13	246	7.2	10.2	99	99	99	999	1027.6	10.4	10.1	999	99	99
2004	11	11	15	248	9.4	11.7	99	99	99	999	1027.3	11.1	10.7	999	99	99
2004	11	11	16	247	7.5	11.8	99	99	99	999	1026.8	11.2	10.6	999	99	99
2004	11	11	17	250	7.4	11	99	99	99	999	1026	11.4	10.6	999	99	99
2004	11	11	18	248	6.4	8.4	99	99	99	999	1025.2	11.7	10.8	999	99	99
2004	11	11	19	242	6.4	12.8	99	99	99	999	1024.1	11.7	11	999	99	99
2004	11	11	20	248	7.6	11	99	99	99	999	1024.2	12.2	10.9	999	99	99
2004	11	11	21	244	7	10.5	99	99	99	999	1023.9	11.7	10.9	999	99	99
2004	11	11	22	240	6.9	9.4	99	99	99	999	1024	11.6	10.9	999	99	99
2004	11	11	23	254	6.4	8.2	99	99	99	999	1024.6	11.5	11	999	99	99
2004	11	12	0	261	3	4.6	99	99	99	999	1025.3	11	10.8	999	99	99
2004	11	12	1	256	2.8	3.7	99	99	99	999	1025.1	10.5	10.9	999	99	99
2004	11	12	2	250	2.9	4.1	99	99	99	999	1025	10.4	10.8	999	99	99
2004	11	12	3	266	1.5	2.6	99	99	99	999	1024.7	10.1	10.6	999	99	99
2004	11	12	4	264	0.7	2.8	99	99	99	999	1025.1	10	10.7	999	99	99
2004	11	12	5	6	2.5	3.9	99	99	99	999	1025.6	9.1	10.7	999	99	99
2004	11	12	6	40	4.5	8.9	99	99	99	999	1025.7	7.9	10.8	999	99	99
2004	11	12	7	30	4.1	6	99	99	99	999	1026.2	7.4	10.7	999	99	99
2004	11	12	8	42	4.7	7.4	99	99	99	999	1026.5	7.1	10.7	999	99	99
2004	11	12	9	49	5.3	8	99	99	99	999	1026.8	6.8	10.8	999	99	99
2004	11	12	10	50	5.9	8	99	99	99	999	1027.2	6.5	10.8	999	99	99
2004	11	12	11	54	5.9	7.2	99	99	99	999	1027.5	6	10.8	999	99	99
2004	11	12	12	43	4.2	7.1	99	99	99	999	1027.6	5.9	11	999	99	99
2004	11	12	13	61	6.5	8.5	99	99	99	999	1028.1	5.9	10.3	999	99	99
2004	11	12	14	54	5.9	8	99	99	99	999	1028.3	6.2	10.2	999	99	99
2004	11	12	15	47	6.4	9.3	99	99	99	999	1028.3	6.3	10.2	999	99	99
2004	11	12	16	46	5.1	8.3	99	99	99	999	1028.2	6	10.3	999	99	99
2004	11	12	17	44	5	7.4	99	99	99	999	1027.5	5.4	10.6	999	99	99
2004	11	12	18	39	5.8	7.9	99	99	99	999	1027.9	5	10.3	999	99	99
2004	11	12	19	44	7.1	9.4	99	99	99	999	1027.3	4.7	10.2	999	99	99
2004	11	12	20	36	5.8	10.1	99	99	99	999	1027.3	4.5	10.2	999	99	99
2004	11	12	21	39	6.3	10.2	99	99	99	999	1027.1	3.9	10.2	999	99	99
2004	11	12	22	38	4.6	7.2	99	99	99	999	1027.6	3.9	10.5	999	99	99
2004	11	12	23	39	5.6	7.9	99	99	99	999	1028	3.9	10.7	999	99	99
2004	11	13	0	40	5.9	9.7	99	99	99	999	1028.3	4	10.3	999	99	99
2004	11	13	1	45	6.2	9.9	99	99	99	999	1028.3	3.5	9.9	999	99	99
2004	11	13	2	40	6.2	9.7	99	99	99	999	1028.3	2.7	9.7	999	99	99
2004	11	13	3	40	5.2	8.6	99	99	99	999	1028.1	2.6	9.9	999	99	99
2004	11	13	4	42	5.9	10.1	99	99	99	999	1027.4	2.8	10.3	999	99	99
2004	11	13	5	37	6.2	10.1	99	99	99	999	1026.9	2.6	10.6	999	99	99
2004	11	13	6	37	6.1	9.2	99	99	99	999	1026.5	2.3	10.3	999	99	99
2004	11	13	7	37	7.1	11.1	99	99	99	999	1026.9	2	10.7	999	99	99
2004	11	13	9	35	8.8	12.1	99	99	99	999	1026.7	0.9	10.6	999	99	99
2004	11	13	10	30	7.6	11.5	99	99	99	999	1027.4	0.1	10.5	999	99	99
2004	11	13	11	30	7.6	12.9	99	99	99	999	1027.1	0	10.4	999	99	99
2004	11	13	12	29	7.1	12	99	99	99	999	1027.4	-0.1	10.5	999	99	99
2004	11	13	13	36	8.3	13	99	99	99	999	1027.4	-0.2	10.3	999	99	99
2004	11	13	14	25	7	12.2	99	99	99	999	1027.2	-0.1	9.1	999	99	99
2004	11	13	15	18	7.2	13.1	99	99	99	999	1027.9	-0.1	9	999	99	99
2004	11	13	16	28	9.4	13.3	99	99	99	999	1027.6	0.1	10.7	999	99	99
2004	11	13	17	31	7.4	12.2	99	99	99	999	1027.2	1.1	10	999	99	99
2004	11	13	18	22	6.2	9.6	99	99	99	999	1027.1	2.3	9.9	999	99	99
2004	11	13	19	32	6	10.5	99	99	99	999	1027.3	3.4	10.1	999	99	99
2004	11	13	20	32	6.5	10.6	99	99	99	999	1028.2	4.1	10.1	999	99	99
2004	11	13	21	32	8.6	11.2	99	99	99	999	1028.7	4.5	10.1	999	99	99
2004	11	13	22	30	6.6	10.2	99	99	99	999	1029.5	4.3	10	999	99	99
2004	11	13	23	28	7.6	9.6	99	99	99	999	1030.2	4	10	999	99	99
2004	11	14	0	24	4.4	7.2	99	99	99	999	1031	3.8	10	999	99	99
2004	11	14	1	23	8.8	13.2	99	99	99	999	1031.7	2.8	9.2	999	99	99
2004	11	14	2	16	6.5	12.6	99	99	99	999	1032.1	2.1	8.8	999	99	99
2004	11	14	3	20	7.4	9.9	99	99	99	999	1032.4	1.5	9.2	999	99	99
2004	11	14	4	16	5.4	12.6	99	99	99	999	1033.2	0.9	9.3	999	99	99
2004	11	14	5	10	7.2	12.8	99	99	99	999	1033.6	0.4	9.4	999	99	99
2004	11	14	6	20	7.2	13	99	99	99	999	1034.1	0	9.4	999	99	99
2004	11	14	7	9	6.8	10.8	99	99	99	999	1034.5	-0.7	9.4	999	99	99
2004	11	14	8	6	6.5	9.6	99	99	99	999	1034.9	-1.4	9.4	999	99	99
2004	11	14	11	15	6.7	10.1	99	99	99	999	1036.3	-1.8	9.1	999	99	99
2004	11	14	12	355	4.5	10.5	99	99	99	999	1036.8	-1.1	9.4	999	99	99
2004	11	14	13	27	6	9.3	99	99	99	999	1037.5	-0.2	9.4	999	99	99
2004	11	14	14	12	5.9	11.8	99	99	99	999	1037.5	1.2	8.3	999	99	99
2004	11	14	15	12	6.2	10	99	99	99	999	1037.1	2.5	7.9	999	99	99
2004	11	14	16	15	5.1	8.9	99	99	99	999	1036.2	4	8.3	999	99	99
2004	11	14	17	18	4.6	6.5	99	99	99	999	1034.8	5.2	8.5	999	99	99
2004	11	14	18	3	4.3	6.7	99	99	99	999	1033.9	6.7	8.3	999	99	99
2004	11	14	19	3	4.8	7.4	99	99	99	999	1033.1	7.7	8.4	999	99	99
2004	11	14	20	322	5.9	7.3	99	99	99	999	1032.7	8	8.5	999	99	99
2004	11	14	21	329	4	7.5	99	99	99	999	1032.5	7.7	8.5	999	99	99
2004	11	14	22	302	3	4.1	99	99	99	999	1032.4	6.6	8.5	999	99	99
2004	11	14	23	306	3.4	5.4	99	99	99	999	1032.3	6.2	8.4	999	99	99
2004	11	15	0	324	3.2	7.1	99	99	99	999	1032.5	5.9	9	999	99	99
2004	11	15	1	333	2.1	4.2	99	99	99	999	1032.6	5.6	8.6	999	99	99
2004	11	15	2	322	3	5.1	99	99	99	999	1032.5	5.3	8.6	999	99	99
2004	11	15	3	354	4.3	5.6	99	99	99	999	1032.3	5.4	8.4	999	99	99
2004	11	15	4	5	2	4.8	99	99	99	999	1032	5	8.5	999	99	99
2004	11	15	5	356	3.3	5.6	99	99	99	999	1031.8	4.7	8.4	999	99	99
2004	11	15	6	357	2.5	4.4	99	99	99	999	1031.7	4.6	8.7	999	99	99
2004	11	15	7	357	4.3	5.5	99	99	99	999	1031.8	4.2	8.7	999	99	99
2004	11	15	8	351	1.7	3.1	99	99	99	999	1031.2	3.9	8.7	999	99	99
2004	11	15	10	356	4.7	7.2	99	99	99	999	1031	4.2	8.4	999	99	99
2004	11	15	11	354	4	6.6	99	99	99	999	1031	4	8.6	999	99	99
2004	11	15	12	7	4.1	6.9	99	99	99	999	1031.1	4.8	8.7	999	99	99
2004	11	15	13	11	3.8	5.8	99	99	99	999	1031.8	6.3	8.8	999	99	99
2004	11	15	14	4	4.5	6.7	99	99	99	999	1031.7	8.6	9	999	99	99
2004	11	15	15	13	5	8.8	99	99	99	999	1031.3	8.8	8.7	999	99	99
2004	11	15	16	15	3.9	5.9	99	99	99	999	1030.2	9.6	8.8	999	99	99
2004	11	15	17	22	4.9	7.9	99	99	99	999	1029.6	10.4	8.8	999	99	99
2004	11	15	18	19	3.7	5.4	99	99	99	999	1028.8	11.3	9	999	99	99
2004	11	15	19	19	0.6	3.6	99	99	99	999	1028	12.7	9.4	999	99	99
2004	11	15	20	48	0.1	0.6	99	99	99	999	1027.9	11.6	9	999	99	99
2004	11	15	21	217	0	99	99	99	99	999	1028.1	11.2	9.4	999	99	99
2004	11	15	22	222	0	99	99	99	99	999	1028.4	10.6	9.3	999	99	99
2004	11	15	23	241	0	99	99	99	99	999	1028.3	9.4	9.5	999	99	99
2004	11	16	0	288	0.9	3.3	99	99	99	999	1028	9.3	9.6	999	99	99
2004	11	16	1	304	2.6	4.8	99	99	99	999	1027.8	8.9	9.8	999	99	99
2004	11	16	2	323	3.4	4.4	99	99	99	999	1027.6	7.7	10.2	999	99	99
2004	11	16	3	335	2.3	4.7	99	99	99	999	1027.3	7.4	9.1	999	99	99
2004	11	16	4	8	1.8	3.3	99	99	99	999	1027.4	7.1	9	999	99	99
2004	11	16	5	6	3.1	5.5	99	99	99	999	1027.4	7.4	9.1	999	99	99
2004	11	16	6	349	3.4	4.9	99	99	99	999	1027.1	7	9	999	99	99
2004	11	16	7	355	2.2	4.1	99	99	99	999	1027.4	7	9.2	999	99	99
2004	11	16	9	21	3.6	5.2	99	99	99	999	1027.5	6.6	9.1	999	99	99
2004	11	16	10	22	2.8	3.9	99	99	99	999	1027.9	6	9	999	99	99
2004	11	16	12	12	0.1	3.2	99	99	99	999	1028.3	6.1	9.1	999	99	99
2004	11	16	13	14	1.4	3.8	99	99	99	999	1028.4	6.7	9.1	999	99	99
2004	11	16	14	358	1.3	3.2	99	99	99	999	1028.5	8.2	9.4	999	99	99
2004	11	16	15	42	2.5	4.2	99	99	99	999	1028.3	7.3	9.2	999	99	99
2004	11	16	16	41	3.3	4.9	99	99	99	999	1027.7	7.8	9	999	99	99
2004	11	16	17	36	2.1	4.7	99	99	99	999	1026.8	8.7	9	999	99	99
2004	11	16	18	35	2.5	4.3	99	99	99	999	1026	8.4	9.1	999	99	99
2004	11	16	19	49	4.3	5.2	99	99	99	999	1025.8	8.4	9.2	999	99	99
2004	11	16	20	50	2.8	3.5	99	99	99	999	1025.8	8.8	9.5	999	99	99
2004	11	16	21	49	2.8	3.8	99	99	99	999	1025.7	8.8	10.1	999	99	99
2004	11	16	22	57	0.1	4	99	99	99	999	1026	7.3	10.2	999	99	99
2004	11	16	23	46	0	99	99	99	99	999	1026.2	6	10.1	999	99	99
2004	11	17	0	344	0	99	99	99	99	999	1026.5	5	10.2	999	99	99
2004	11	17	1	79	0	99	99	99	99	999	1026.1	4.4	10.3	999	99	99
2004	11	17	2	126	0	0.5	99	99	99	999	1026.2	4.1	10.2	999	99	99
2004	11	17	3	43	0	99	99	99	99	999	1026.3	4.7	9.8	999	99	99
2004	11	17	4	57	0	99	99	99	99	999	1026.1	4.4	9.7	999	99	99
2004	11	17	5	18	0	1.5	99	99	99	999	1026	4.5	9.4	999	99	99
2004	11	17	6	73	0	99	99	99	99	999	1025.8	3.7	9.2	999	99	99
2004	11	17	7	63	0	99	99	99	99	999	1026.1	3.5	9.1	999	99	99
2004	11	17	8	31	1.7	2.7	99	99	99	999	1025.8	3.7	9.3	999	99	99
2004	11	17	9	8	2.2	3.3	99	99	99	999	1026.1	3.7	9.6	999	99	99
2004	11	17	10	31	2.1	3.2	99	99	99	999	1026.2	3.4	9.5	999	99	99
2004	11	17	11	34	1.4	2.9	99	99	99	999	1026.6	3.3	9.8	999	99	99
2004	11	17	12	44	2.2	3.2	99	99	99	999	1026.8	3.3	9.7	999	99	99
2004	11	17	13	27	1.6	4	99	99	99	999	1027.3	4.7	9.6	999	99	99
2004	11	17	14	33	1.8	4	99	99	99	999	1027.4	5.4	9.6	999	99	99
2004	11	17	15	17	1.6	3.8	99	99	99	999	1027.5	7.4	9.3	999	99	99
2004	11	17	16	354	0.6	3.1	99	99	99	999	1026.8	9.2	9.7	999	99	99
2004	11	17	17	68	0	99	99	99	99	999	1026	8.9	9.5	999	99	99
2004	11	17	18	195	0	99	99	99	99	999	1025.2	9.3	9.5	999	99	99
2004	11	17	19	280	0	2.3	99	99	99	999	1024.9	11.3	9.5	999	99	99
2004	11	17	20	248	1.1	1.8	99	99	99	999	1025	10.2	9.6	999	99	99
2004	11	17	21	231	1.6	2.6	99	99	99	999	1025.4	9	9.8	999	99	99
2004	11	17	22	999	0.5	2.4	99	99	99	999	1025.4	8.8	10	999	99	99
2004	11	17	23	999	0	99	99	99	99	999	1025.3	7.8	10.1	999	99	99
2004	11	18	0	999	0	99	99	99	99	999	1025.2	6.5	10.1	999	99	99
2004	11	18	1	999	0	99	99	99	99	999	1025	6	10.1	999	99	99
2004	11	18	2	999	0	99	99	99	99	999	1024.7	6.7	10.2	999	99	99
2004	11	18	3	999	0	99	99	99	99	999	1024.5	6	10.2	999	99	99
2004	11	18	4	999	0	99	99	99	99	999	1024.3	6.3	10.1	999	99	99
2004	11	18	6	999	0	99	99	99	99	999	1023.4	7.4	9.6	999	99	99
2004	11	18	7	999	0.9	1.4	99	99	99	999	1023.5	7.5	9.4	999	99	99
2004	11	18	8	999	0	0.6	99	99	99	999	1022.9	8.8	9.6	999	99	99
2004	11	18	9	999	0	99	99	99	99	999	1022.5	8.7	9.6	999	99	99
2004	11	18	10	999	1.4	2.9	99	99	99	999	1022.4	8.7	9.5	999	99	99
2004	11	18	11	999	0	99	99	99	99	999	1022.6	8.6	9.4	999	99	99
2004	11	18	12	999	0	99	99	99	99	999	1022.9	7.4	9.6	999	99	99
2004	11	18	13	999	0	99	99	99	99	999	1023.3	8.8	9.6	999	99	99
2004	11	18	14	999	2.8	3.6	99	99	99	999	1023.1	9.6	9.7	999	99	99
2004	11	18	15	999	2.2	4.1	99	99	99	999	1022.9	9.9	10	999	99	99
2004	11	18	16	999	2.8	3.1	99	99	99	999	1021.8	10.6	10	999	99	99
2004	11	18	17	999	3.6	4.4	99	99	99	999	1020.8	11.4	9.9	999	99	99
2004	11	18	18	999	6.1	7.2	99	99	99	999	1020.1	11.9	10	999	99	99
2004	11	18	19	999	5.5	6.9	99	99	99	999	1019.5	12.1	10	999	99	99
2004	11	18	20	999	4.9	6.9	99	99	99	999	1019.3	11.6	10.2	999	99	99
2004	11	18	21	999	5.1	6.2	99	99	99	999	1019.6	10.9	10	999	99	99
2004	11	18	22	999	2.9	4	99	99	99	999	1020	10.7	10.1	999	99	99
2004	11	18	23	999	1.1	3.8	99	99	99	999	1019.8	10.4	10.1	999	99	99
2004	11	19	0	999	2.2	3.2	99	99	99	999	1020	10.7	10	999	99	99
2004	11	19	1	999	2.5	4	99	99	99	999	1020	11.1	10.1	999	99	99
2004	11	19	2	999	2.6	4	99	99	99	999	1019.9	11	10.1	999	99	99
2004	11	19	3	999	3.6	4.6	99	99	99	999	1019.4	10.8	10.1	999	99	99
2004	11	19	4	999	3.3	4.5	99	99	99	999	1018.8	10.6	10.1	999	99	99
2004	11	19	5	999	1.9	4.1	99	99	99	999	1018.7	10.5	10.1	999	99	99
2004	11	19	6	999	3	5	99	99	99	999	1018.4	10.7	10	999	99	99
2004	11	19	7	999	0.3	2.2	99	99	99	999	1018.7	10.6	10	999	99	99
2004	11	19	8	999	2.8	3.7	99	99	99	999	1018.2	10.7	9.9	999	99	99
2004	11	19	9	999	0.6	1.5	99	99	99	999	1018.2	10.1	9.9	999	99	99
2004	11	19	10	999	1.1	2.5	99	99	99	999	1018.5	10.5	10	999	99	99
2004	11	19	11	999	1.3	2.9	99	99	99	999	1018.7	10.3	10	999	99	99
2004	11	19	12	999	0.8	2.4	99	99	99	999	1019	10.1	10.1	999	99	99
2004	11	19	13	999	0.8	1.4	99	99	99	999	1019.5	10.3	10.1	999	99	99
2004	11	19	14	999	0	1.9	99	99	99	999	1019.7	10.9	10.2	999	99	99
2004	11	19	15	999	2.1	2.8	99	99	99	999	1019.4	11.3	10.2	999	99	99
2004	11	19	16	999	0.2	1.1	99	99	99	999	1019.1	12.8	10.1	999	99	99
2004	11	19	17	999	0	2.8	99	99	99	999	1018.4	12.9	10.1	999	99	99
2004	11	19	18	999	0.7	1.6	99	99	99	999	1018.1	14	10.2	999	99	99
2004	11	19	19	999	0	99	99	99	99	999	1017.8	16.4	10.5	999	99	99
2004	11	19	20	999	0	1.4	99	99	99	999	1018.1	15.6	10.5	999	99	99
2004	11	19	21	999	2	3.7	99	99	99	999	1018.7	14.4	10.4	999	99	99
2004	11	19	22	999	1.4	5.3	99	99	99	999	1019.5	13.7	10.4	999	99	99
2004	11	19	23	999	0	1.4	99	99	99	999	1020.1	12.1	10.4	999	99	99
2004	11	20	0	999	3	3.8	99	99	99	999	1020.8	12.1	10.4	999	99	99
2004	11	20	1	999	0.9	3.1	99	99	99	999	1021.3	10.6	10.4	999	99	99
2004	11	20	2	999	3.1	5.1	99	99	99	999	1021.6	10.1	10.4	999	99	99
2004	11	20	3	999	0.6	2.5	99	99	99	999	1022.3	8.8	10.4	999	99	99
2004	11	20	4	999	3.3	4.2	99	99	99	999	1022.6	8.2	10.4	999	99	99
2004	11	20	5	999	3.6	5.6	99	99	99	999	1022.6	8	10.4	999	99	99
2004	11	20	6	999	4.3	5.7	99	99	99	999	1022.3	7.7	10.4	999	99	99
2004	11	20	7	999	3.4	7.4	99	99	99	999	1022.7	6.9	10.3	999	99	99
2004	11	20	8	999	2.2	3.4	99	99	99	999	1022.9	6.4	10.1	999	99	99
2004	11	20	9	999	3.1	4.5	99	99	99	999	1023	6	9.9	999	99	99
2004	11	20	10	999	3.4	4.7	99	99	99	999	1023.3	5.8	9.7	999	99	99
2004	11	20	11	999	2.7	4	99	99	99	999	1023.6	5.8	10	999	99	99
2004	11	20	12	999	3.5	5	99	99	99	999	1023.8	4.9	10.5	999	99	99
2004	11	20	13	999	3.1	5.1	99	99	99	999	1024.4	5.3	10.4	999	99	99
2004	11	20	14	999	1.6	4.9	99	99	99	999	1024.6	5.8	10.2	999	99	99
2004	11	20	15	999	1.6	4.6	99	99	99	999	1024.4	6.7	10.4	999	99	99
2004	11	20	16	999	1.4	2.8	99	99	99	999	1024.4	8.7	10.5	999	99	99
2004	11	20	17	999	2.9	4.2	99	99	99	999	1023.7	8.8	10.4	999	99	99
2004	11	20	18	999	2.5	3.5	99	99	99	999	1023.7	8.6	10.4	999	99	99
2004	11	20	19	999	3.2	4	99	99	99	999	1023.1	8.5	10.4	999	99	99
2004	11	20	20	999	1.9	3.8	99	99	99	999	1023.4	8.4	10.4	999	99	99
2004	11	20	21	999	1.8	3.8	99	99	99	999	1023.4	8.4	10.2	999	99	99
2004	11	20	22	999	0	2.3	99	99	99	999	1023.4	7.9	10.1	999	99	99
2004	11	20	23	999	2.2	3.8	99	99	99	999	1023.7	8	10.2	999	99	99
2004	11	21	0	999	1	3	99	99	99	999	1024.2	7.9	10.1	999	99	99
2004	11	21	1	999	0	3.1	99	99	99	999	1023.9	7.7	10.2	999	99	99
2004	11	21	2	999	2.8	4.5	99	99	99	999	1024.2	7.1	10.3	999	99	99
2004	11	21	3	999	3.9	5.8	99	99	99	999	1024.4	6.7	10.3	999	99	99
2004	11	21	4	999	3.3	4.4	99	99	99	999	1024.7	6.7	10.3	999	99	99
2004	11	21	5	999	1.8	5.1	99	99	99	999	1025.1	6.5	10.3	999	99	99
2004	11	21	6	999	4	6.8	99	99	99	999	1024.1	6	10.3	999	99	99
2004	11	21	7	999	3.8	6.3	99	99	99	999	1024.1	6	10	999	99	99
2004	11	21	8	999	2.2	4.8	99	99	99	999	1023.9	6.3	9.9	999	99	99
2004	11	21	9	999	0.8	5.2	99	99	99	999	1023.7	6.6	9.9	999	99	99
2004	11	21	10	999	2.9	4.9	99	99	99	999	1023.7	6.7	9.9	999	99	99
2004	11	21	11	999	1.2	5	99	99	99	999	1024	6.6	9.9	999	99	99
2004	11	21	12	999	2.3	3.8	99	99	99	999	1024.2	6.3	10.3	999	99	99
2004	11	21	13	999	1.2	3.4	99	99	99	999	1024.8	6.5	10.5	999	99	99
2004	11	21	14	999	0.4	2.7	99	99	99	999	1025	7	10.5	999	99	99
2004	11	21	15	999	0.1	3.2	99	99	99	999	1025.1	7.5	10.5	999	99	99
2004	11	21	16	999	0.2	3	99	99	99	999	1024.4	7.5	10.5	999	99	99
2004	11	21	17	999	0	99	99	99	99	999	1023.8	8.1	10.5	999	99	99
2004	11	21	18	999	1.6	3.3	99	99	99	999	1023.4	7.7	10.6	999	99	99
2004	11	21	19	999	0.6	3.1	99	99	99	999	1023.1	7.5	10.5	999	99	99
2004	11	21	20	999	2.1	3.2	99	99	99	999	1023.5	7.6	10.5	999	99	99
2004	11	21	21	999	0	99	99	99	99	999	1023.5	7.6	10.3	999	99	99
2004	11	21	22	999	0	2.3	99	99	99	999	1023.7	7.8	10.2	999	99	99
2004	11	21	23	999	0	1.5	99	99	99	999	1023.6	7.7	10.1	999	99	99
2004	11	22	0	999	0	99	99	99	99	999	1023.5	7.7	10.3	999	99	99
2004	11	22	1	999	0	99	99	99	99	999	1023.6	7.8	10.3	999	99	99
2004	11	22	2	999	0	99	99	99	99	999	1023.3	7.9	10.4	999	99	99
2004	11	22	4	999	0	99	99	99	99	999	1023.2	7.8	10.4	999	99	99
2004	11	22	5	999	0.8	2.7	99	99	99	999	1022.6	8.4	10.4	999	99	99
2004	11	22	6	999	0.5	2.7	99	99	99	999	1022.1	8.4	10.4	999	99	99
2004	11	22	9	999	0	99	99	99	99	999	1021.4	7.8	10.2	999	99	99
2004	11	22	10	999	0	99	99	99	99	999	1021.5	7.9	10.1	999	99	99
2004	11	22	11	999	0	99	99	99	99	999	1021.2	8	9.9	999	99	99
2004	11	22	12	999	0	99	99	99	99	999	1021.9	8.3	9.9	999	99	99
2004	11	22	13	999	0	0.1	99	99	99	999	1022	8.6	10	999	99	99
2004	11	22	14	999	0	99	99	99	99	999	1021.8	9.6	10.3	999	99	99
2004	11	22	15	999	0	0.4	99	99	99	999	1022	9.5	10.4	999	99	99
2004	11	22	16	999	0.4	2.6	99	99	99	999	1021.2	9.7	10.3	999	99	99
2004	11	22	17	999	0	1.8	99	99	99	999	1020	10	10.3	999	99	99
2004	11	22	18	999	0	99	99	99	99	999	1019.7	10	10.3	999	99	99
2004	11	22	19	999	0	0.8	99	99	99	999	1019.3	9.7	10.3	999	99	99
2004	11	22	20	999	0.9	2.3	99	99	99	999	1018.8	9.6	10.3	999	99	99
2004	11	22	21	999	2	3.2	99	99	99	999	1018.8	9.6	10.4	999	99	99
2004	11	22	22	999	0.9	2.8	99	99	99	999	1019.3	9.5	10.2	999	99	99
2004	11	22	23	999	0	99	99	99	99	999	1019.6	8.9	10.1	999	99	99
2004	11	23	0	999	0.1	2.8	99	99	99	999	1019.9	8.5	10	999	99	99
2004	11	23	1	999	0	0.5	99	99	99	999	1019.8	8.1	10.1	999	99	99
2004	11	23	2	999	0	1.4	99	99	99	999	1019.8	8.2	10.1	999	99	99
2004	11	23	3	999	0	0.3	99	99	99	999	1019.7	8	10.3	999	99	99
2004	11	23	4	999	0	99	99	99	99	999	1019.6	7.7	10.3	999	99	99
2004	11	23	5	999	0.3	1.2	99	99	99	999	1019.8	6.7	10.2	999	99	99
2004	11	23	6	999	0	1.3	99	99	99	999	1020.2	6.6	10.2	999	99	99
2004	11	23	7	999	0.2	2.6	99	99	99	999	1020.1	6.1	10.2	999	99	99
2004	11	23	8	999	0	99	99	99	99	999	1020.1	4.9	10.1	999	99	99
2004	11	23	9	999	0.9	1.4	99	99	99	999	1020.2	4.8	10	999	99	99
2004	11	23	10	999	0	99	99	99	99	999	1020.6	4.9	9.9	999	99	99
2004	11	23	11	999	0	0.6	99	99	99	999	1020.9	4.8	9.6	999	99	99
2004	11	23	13	999	0.1	1.3	99	99	99	999	1021.7	6.2	9.5	999	99	99
2004	11	23	16	999	0	1	99	99	99	999	1021.4	12.9	10.4	999	99	99
2004	11	23	17	999	2.4	3.6	99	99	99	999	1020.5	10	10.4	999	99	99
2004	11	23	18	999	1.8	4.8	99	99	99	999	1020.2	9.9	10.4	999	99	99
2004	11	23	19	999	3.2	4.4	99	99	99	999	1020.2	10.2	10.3	999	99	99
2004	11	23	20	999	2.4	3.8	99	99	99	999	1020.3	10.2	10.3	999	99	99
2004	11	23	21	999	3.1	3.7	99	99	99	999	1020.6	9.9	10.2	999	99	99
2004	11	23	22	999	2.7	3.5	99	99	99	999	1020.6	9.9	10.4	999	99	99
2004	11	23	23	999	3.1	3.9	99	99	99	999	1020.9	10	10.3	999	99	99
2004	11	24	0	999	2.7	5.3	99	99	99	999	1021.5	10	10.3	999	99	99
2004	11	24	1	999	2.2	3.4	99	99	99	999	1021.9	10	10.3	999	99	99
2004	11	24	2	999	4.2	5.1	99	99	99	999	1021.4	10	10.2	999	99	99
2004	11	24	3	999	4.1	4.9	99	99	99	999	1021	9.8	10.2	999	99	99
2004	11	24	4	999	3.9	6.2	99	99	99	999	1021.5	9.6	10.1	999	99	99
2004	11	24	5	999	3	5.5	99	99	99	999	1021.4	9.4	10.2	999	99	99
2004	11	24	6	999	4.1	5.4	99	99	99	999	1020.8	9.3	10.2	999	99	99
2004	11	24	7	999	3.8	5.9	99	99	99	999	1020.9	9.3	10.1	999	99	99
2004	11	24	8	999	0	4.2	99	99	99	999	1021.1	9.1	10	999	99	99
2004	11	24	11	999	2.2	3.3	99	99	99	999	1020.7	8.3	9.8	999	99	99
2004	11	24	12	999	2	2.9	99	99	99	999	1020.7	8	9.7	999	99	99
2004	11	24	13	999	1.1	3.9	99	99	99	999	1020.8	8.8	9.7	999	99	99
2004	11	24	14	999	2.1	3.6	99	99	99	999	1020.2	9	9.7	999	99	99
2004	11	24	15	999	3.8	5.6	99	99	99	999	1019.8	10.1	9.9	999	99	99
2004	11	24	16	999	6	7.8	99	99	99	999	1018.5	10.5	10.2	999	99	99
2004	11	24	17	999	4.6	7.5	99	99	99	999	1017.5	10.7	9.9	999	99	99
2004	11	24	18	999	4.7	6.3	99	99	99	999	1015.8	10.8	10.1	999	99	99
2004	11	24	19	999	4.7	7.4	99	99	99	999	1014.6	11.3	10.3	999	99	99
2004	11	24	20	999	5.8	9.1	99	99	99	999	1013.2	11.8	10.3	999	99	99
2004	11	24	21	999	5.8	9.4	99	99	99	999	1011.8	11.8	10.3	999	99	99
2004	11	24	22	999	5.9	9.5	99	99	99	999	1010.7	11.8	10.2	999	99	99
2004	11	24	23	999	7.2	10.8	99	99	99	999	1009.2	12.1	10.2	999	99	99
2004	11	25	0	999	8	11.5	99	99	99	999	1007.9	12.6	10.2	999	99	99
2004	11	25	1	999	6	12.6	99	99	99	999	1006.2	13.1	10.3	999	99	99
2004	11	25	3	999	5.8	10.5	99	99	99	999	1005.4	12.5	10.3	999	99	99
2004	11	25	4	999	6.1	8.1	99	99	99	999	1004.1	12.6	10.3	999	99	99
2004	11	25	5	999	9.8	13.9	99	99	99	999	1002.5	13.9	10.4	999	99	99
2004	11	25	6	999	9.7	13.9	99	99	99	999	1001	14	10.4	999	99	99
2004	11	25	7	999	9.7	14.5	99	99	99	999	1000.2	13.9	10.4	999	99	99
2004	11	25	8	999	8.3	13	99	99	99	999	999.8	13.5	10.4	999	99	99
2004	11	25	9	999	10.1	14.4	99	99	99	999	998.8	13.9	10.4	999	99	99
2004	11	25	10	999	7	12.3	99	99	99	999	999.2	13.7	10.4	999	99	99
2004	11	25	11	999	6.1	9	99	99	99	999	999.1	13.6	10.5	999	99	99
2004	11	25	12	999	4.3	5.4	99	99	99	999	997.9	12.9	10.7	999	99	99
2004	11	25	13	999	5.8	7.6	99	99	99	999	997.5	12.8	10.7	999	99	99
2004	11	25	14	999	5.1	8	99	99	99	999	996.4	13.3	10.7	999	99	99
2004	11	25	15	999	4.9	6.4	99	99	99	999	994.9	13.5	10.7	999	99	99
2004	11	25	16	999	7.8	10.7	99	99	99	999	993.2	13.7	10.8	999	99	99
2004	11	25	17	999	7.6	10.8	99	99	99	999	991.6	13.4	10.9	999	99	99
2004	11	25	18	999	6.7	11.5	99	99	99	999	990.4	12.9	10.9	999	99	99
2004	11	25	19	999	4.4	8.5	99	99	99	999	989.8	12.5	10.9	999	99	99
2004	11	25	20	999	5.9	8.1	99	99	99	999	989.4	12.7	10.9	999	99	99
2004	11	25	21	999	4.8	7.8	99	99	99	999	988.5	12.1	10.5	999	99	99
2004	11	25	22	999	4.9	6.3	99	99	99	999	988.7	11.7	10.5	999	99	99
2004	11	25	23	999	13.1	16.4	99	99	99	999	990.8	11.4	10.6	999	99	99
2004	11	26	0	999	8.8	15.1	99	99	99	999	993.2	7.7	10.5	999	99	99
2004	11	26	1	999	8.5	18	99	99	99	999	995.9	6	10.9	999	99	99
2004	11	26	2	999	9.4	12.2	99	99	99	999	998.5	4.8	10.6	999	99	99
2004	11	26	3	999	10.6	15.4	99	99	99	999	1000.4	4.5	10.6	999	99	99
2004	11	26	4	999	10.7	14.9	99	99	99	999	1001.8	4	10.4	999	99	99
2004	11	26	5	999	9	14.8	99	99	99	999	1003.7	3.2	10.3	999	99	99
2004	11	26	6	999	5.2	9.6	99	99	99	999	1005.5	2.5	10.1	999	99	99
2004	11	26	7	999	6.8	11.3	99	99	99	999	1007.1	2.2	9.9	999	99	99
2004	11	26	8	999	6.7	13.1	99	99	99	999	1008.9	1.6	9.8	999	99	99
2004	11	26	9	999	5.7	10.6	99	99	99	999	1009.9	1.2	9.7	999	99	99
2004	11	26	10	999	5.8	8.7	99	99	99	999	1011.4	0.7	9.7	999	99	99
2004	11	26	11	999	4.7	7.5	99	99	99	999	1012.9	0.5	9.4	999	99	99
2004	11	26	12	999	4.6	7.9	99	99	99	999	1014.4	0.5	9.4	999	99	99
2004	11	26	13	999	5.5	6.9	99	99	99	999	1015.7	1.2	8.6	999	99	99
2004	11	26	14	999	4.7	8.3	99	99	99	999	1016.8	2.5	8.5	999	99	99
2004	11	26	15	999	5	8.1	99	99	99	999	1017.7	3.2	8.5	999	99	99
2004	11	26	16	999	6.7	11.2	99	99	99	999	1018.1	4.3	9.2	999	99	99
2004	11	26	17	999	7.4	10	99	99	99	999	1018	4.2	9.4	999	99	99
2004	11	26	18	999	4.3	9.2	99	99	99	999	1018.3	5.5	9.4	999	99	99
2004	11	26	19	999	6.2	9.1	99	99	99	999	1018.9	5.8	9.4	999	99	99
2004	11	26	20	999	5.6	9	99	99	99	999	1019.5	5.8	9.1	999	99	99
2004	11	26	21	999	5.1	9.3	99	99	99	999	1020.5	5	9.1	999	99	99
2004	11	26	22	999	3.3	5.8	99	99	99	999	1021.4	4.2	9.1	999	99	99
2004	11	26	23	999	2.3	3.2	99	99	99	999	1022.5	4.3	9.2	999	99	99
2004	11	27	0	999	2.6	4.5	99	99	99	999	9999	4.1	9.2	999	99	99
2004	11	27	1	999	2	4.3	99	99	99	999	9999	4.1	8.9	999	99	99
2004	11	27	2	999	2	4.3	99	99	99	999	9999	3.9	8.6	999	99	99
2004	11	27	3	999	2.8	3.7	99	99	99	999	9999	4.1	8.6	999	99	99
2004	11	27	4	999	2	4	99	99	99	999	9999	3.9	8.8	999	99	99
2004	11	27	5	999	2.7	3.9	99	99	99	999	9999	3.5	8.8	999	99	99
2004	11	27	6	999	2.5	4.5	99	99	99	999	9999	3.4	8.7	999	99	99
2004	11	27	7	999	2.8	4.1	99	99	99	999	9999	3.6	9	999	99	99
2004	11	27	8	999	0.6	4.4	99	99	99	999	9999	3.6	8.6	999	99	99
2004	11	27	9	999	1.7	3	99	99	99	999	9999	3.8	9.1	999	99	99
2004	11	27	10	999	0	2.4	99	99	99	999	9999	1.5	9.1	999	99	99
2004	11	27	11	999	0	99	99	99	99	999	9999	1.2	9.2	999	99	99
2004	11	27	12	999	0	0.9	99	99	99	999	9999	1.8	9	999	99	99
2004	11	27	13	999	1.6	3	99	99	99	999	9999	5.6	8.8	999	99	99
2004	11	27	14	999	1.3	3.3	99	99	99	999	9999	8	8.3	999	99	99
2004	11	27	15	999	4.7	6.1	99	99	99	999	9999	8.2	8.4	999	99	99
2004	11	27	16	999	5.9	6.9	99	99	99	999	9999	8.5	8.5	999	99	99
2004	11	27	17	999	4.9	7.4	99	99	99	999	9999	8.4	8.6	999	99	99
2004	11	27	18	999	5	7.9	99	99	99	999	9999	8.6	8.7	999	99	99
2004	11	27	19	999	5.8	8.3	99	99	99	999	9999	8.7	8.7	999	99	99
2004	11	27	20	999	5.6	9.5	99	99	99	999	9999	8.7	8.7	999	99	99
2004	11	27	21	999	4.2	8.2	99	99	99	999	9999	8.4	8.7	999	99	99
2004	11	27	22	999	4.8	8.4	99	99	99	999	9999	8.2	9.3	999	99	99
2004	11	27	23	999	5.3	7.9	99	99	99	999	1030.3	8.4	9.4	999	99	99
2004	11	28	0	999	6.7	10.3	99	99	99	999	1029.6	8.4	9.5	999	99	99
2004	11	28	1	999	7.1	11.2	99	99	99	999	1029.6	8.6	9.1	999	99	99
2004	11	28	2	999	6.9	11.3	99	99	99	999	1028.9	8.6	8.9	999	99	99
2004	11	28	3	999	6.7	11	99	99	99	999	1028.6	8.5	9	999	99	99
2004	11	28	4	999	7.6	12.9	99	99	99	999	1028.3	8.6	9	999	99	99
2004	11	28	5	999	8.1	11.8	99	99	99	999	1026.5	8.4	9.2	999	99	99
2004	11	28	6	999	7.9	12.2	99	99	99	999	1025.9	8.3	9.1	999	99	99
2004	11	28	7	999	6.5	11.2	99	99	99	999	1025.4	8.5	9	999	99	99
2004	11	28	9	999	6.6	11.1	99	99	99	999	1023.2	9.2	8.8	999	99	99
2004	11	28	10	999	6.9	11.4	99	99	99	999	1022.7	9.8	8.8	999	99	99
2004	11	28	11	999	6.8	10.6	99	99	99	999	1021.3	10.1	8.8	999	99	99
2004	11	28	12	999	8.1	13.6	99	99	99	999	1019.9	10.3	9.5	999	99	99
2004	11	28	13	999	8.6	13.4	99	99	99	999	1019.6	10.4	9.4	999	99	99
2004	11	28	14	999	9.8	12.8	99	99	99	999	1019.1	10.5	9.3	999	99	99
2004	11	28	15	999	8.2	11.2	99	99	99	999	1017.9	10.9	9.2	999	99	99
2004	11	28	16	999	9	13.2	99	99	99	999	1015.8	11	9.3	999	99	99
2004	11	28	17	999	10.4	16	99	99	99	999	1013.7	11.6	9.3	999	99	99
2004	11	28	18	999	9.8	14.1	99	99	99	999	1012.1	11.6	9.3	999	99	99
2004	11	28	19	999	10	12.6	99	99	99	999	1011.5	11.7	9.6	999	99	99
2004	11	28	20	999	8.5	14	99	99	99	999	1011.2	11.8	9.7	999	99	99
2004	11	28	21	999	10.4	15.9	99	99	99	999	1009.9	11.7	9.7	999	99	99
2004	11	28	22	999	10	16	99	99	99	999	1010	12.4	9.7	999	99	99
2004	11	28	23	999	6.6	11.8	99	99	99	999	1008.8	12.6	9.8	999	99	99
2004	11	29	0	999	8.1	12.2	99	99	99	999	1008.3	12.4	9.7	999	99	99
2004	11	29	1	999	1.2	11.5	99	99	99	999	1008.8	12.3	9.9	999	99	99
2004	11	29	2	999	2.2	3.4	99	99	99	999	1009.1	12.9	9.8	999	99	99
2004	11	29	3	999	6.5	16.1	99	99	99	999	1010.3	10.8	9.9	999	99	99
2004	11	29	4	999	8.4	13.1	99	99	99	999	1012	9.7	9.9	999	99	99
2004	11	29	5	999	8.2	17	99	99	99	999	1013.6	8.5	9.9	999	99	99
2004	11	29	6	999	6.4	10.4	99	99	99	999	1014	7.7	9.9	999	99	99
2004	11	29	7	999	7.1	13.5	99	99	99	999	1015.2	7.3	9.9	999	99	99
2004	11	29	8	999	5.6	9	99	99	99	999	1016.3	7.2	9.8	999	99	99
2004	11	29	9	999	4	11.8	99	99	99	999	1017.8	6.6	9.8	999	99	99
2004	11	29	10	999	3	5.7	99	99	99	999	1019.4	6.2	9.7	999	99	99
2004	11	29	11	999	4.6	5.7	99	99	99	999	1020.3	5.5	9.5	999	99	99
2004	11	29	12	999	3.4	6.1	99	99	99	999	1021.1	5.1	9.4	999	99	99
2004	11	29	13	999	4.6	6.2	99	99	99	999	1022.1	6.6	9.5	999	99	99
2004	11	29	14	999	3.9	6.6	99	99	99	999	1023.1	8.2	9.5	999	99	99
2004	11	29	15	999	5.3	7.8	99	99	99	999	1023	8.6	9.8	999	99	99
2004	11	29	16	999	5.6	8.8	99	99	99	999	1022.4	8.6	9.3	999	99	99
2004	11	29	17	999	3.2	7	99	99	99	999	1022.3	9.3	9.8	999	99	99
2004	11	29	18	999	4.7	6.6	99	99	99	999	1022.2	9.6	9.7	999	99	99
2004	11	29	19	999	3.5	6.4	99	99	99	999	1022.3	10.1	9.7	999	99	99
2004	11	29	20	999	3.9	6	99	99	99	999	1022.2	10.2	9.7	999	99	99
2004	11	29	21	999	2.3	3.4	99	99	99	999	1023.3	9.6	9.7	999	99	99
2004	11	29	22	999	0	1.3	99	99	99	999	1023	8.6	9.7	999	99	99
2004	11	29	23	999	0	99	99	99	99	999	1023.4	6.5	9.7	999	99	99
2004	11	30	0	999	3.1	4.9	99	99	99	999	1024.2	8.1	9.7	999	99	99
2004	11	30	1	999	3	4.9	99	99	99	999	1024.6	7.5	9.6	999	99	99
2004	11	30	2	999	2.3	3.8	99	99	99	999	1025	6.4	9.6	999	99	99
2004	11	30	3	999	2.1	3.6	99	99	99	999	1024.7	5.5	9.5	999	99	99
2004	11	30	4	999	2.5	4.3	99	99	99	999	1025	5.3	9.1	999	99	99
2004	11	30	5	999	3.8	5.2	99	99	99	999	1024.5	4.8	8.9	999	99	99
2004	11	30	6	999	3.6	4.7	99	99	99	999	1024.5	4.4	9.8	999	99	99
2004	11	30	7	999	3.4	5.1	99	99	99	999	1024.8	4.2	9.7	999	99	99
2004	11	30	8	999	2.4	4.5	99	99	99	999	1024.4	4	9.6	999	99	99
2004	11	30	9	999	3.6	5.2	99	99	99	999	1025.1	3.6	9.5	999	99	99
2004	11	30	10	999	4.2	6.3	99	99	99	999	1025.5	3.3	9.5	999	99	99
2004	11	30	11	999	2.6	5.6	99	99	99	999	1025.8	3.3	9.4	999	99	99
2004	11	30	12	999	1.1	4	99	99	99	999	1026.5	3.5	9.3	999	99	99
2004	11	30	13	999	2.8	4.9	99	99	99	999	1026.4	3.7	9.3	999	99	99
2004	11	30	14	999	0	99	99	99	99	999	1026.4	5.9	9.1	999	99	99
2004	11	30	15	999	0	99	99	99	99	999	1026.4	8.2	9.2	999	99	99
2004	11	30	16	999	2.2	3.3	99	99	99	999	1026	7.1	9	999	99	99
2004	11	30	17	999	3.9	4.9	99	99	99	999	1025.2	8	8.9	999	99	99
2004	11	30	18	999	3	4.6	99	99	99	999	1024.2	8.3	9.1	999	99	99
2004	11	30	19	999	3	4.1	99	99	99	999	1024.1	8.6	9.1	999	99	99
2004	11	30	20	999	2.3	3.1	99	99	99	999	1024	8.6	9.3	999	99	99
2004	11	30	21	999	2.3	2.9	99	99	99	999	1023.8	8.5	9.1	999	99	99
2004	11	30	22	999	3.4	4.1	99	99	99	999	1024.2	8.4	9.2	999	99	99
2004	11	30	23	999	1.3	2.7	99	99	99	999	1024.2	8.1	9.2	999	99	99
2004	12	1	0	999	1.7	3.6	99	99	99	999	1024	8.1	9.1	999	99	99
2004	12	1	1	999	1	2.2	99	99	99	999	1023.7	8.1	9.2	999	99	99
2004	12	1	2	999	0	99	99	99	99	999	1023.7	7.8	9.2	999	99	99
2004	12	1	3	999	3.1	3.7	99	99	99	999	1023	8.4	9.2	999	99	99
2004	12	1	4	999	4.6	6.4	99	99	99	999	1022.6	9	9	999	99	99
2004	12	1	5	999	4.5	5.8	99	99	99	999	1022.1	9.1	9	999	99	99
2004	12	1	6	999	5.9	7.6	99	99	99	999	1020	9.1	9	999	99	99
2004	12	1	7	999	5.3	6.5	99	99	99	999	1017.9	9	9	999	99	99
2004	12	1	8	999	4.5	6.6	99	99	99	999	1017.8	9.4	9.1	999	99	99
2004	12	1	9	999	5.7	7	99	99	99	999	1016.4	9.6	9.1	999	99	99
2004	12	1	10	999	6.7	8.4	99	99	99	999	1015.5	10	9.1	999	99	99
2004	12	1	11	999	7.5	10.2	99	99	99	999	1013	10.4	9	999	99	99
2004	12	1	12	999	7.1	11	99	99	99	999	1011.4	10.5	9	999	99	99
2004	12	1	13	999	8.4	11.3	99	99	99	999	1009.2	10.8	9	999	99	99
2004	12	1	14	999	11	15.5	99	99	99	999	1006.3	11.6	9.1	999	99	99
2004	12	1	15	999	12	16.5	99	99	99	999	1002.8	12.5	9.1	999	99	99
2004	12	1	16	999	11.4	17.8	99	99	99	999	1001.6	12.5	9.3	999	99	99
2004	12	1	17	999	14.8	18.3	99	99	99	999	997.7	12.8	9.3	999	99	99
2004	12	1	18	999	13.4	20.3	99	99	99	999	994.8	13.2	9.4	999	99	99
2004	12	1	19	999	11.5	21.6	99	99	99	999	994.1	13.2	9.4	999	99	99
2004	12	1	20	999	11.4	15.5	99	99	99	999	995.5	12.8	9.6	999	99	99
2004	12	1	21	999	7.3	10.4	99	99	99	999	996.6	11.3	9.7	999	99	99
2004	12	1	22	999	9	15	99	99	99	999	997.3	11.3	9.6	999	99	99
2004	12	1	23	999	7.9	11.8	99	99	99	999	999.1	10.4	9.6	999	99	99
2004	12	2	0	999	6.4	12.7	99	99	99	999	1000.9	9.9	9.4	999	99	99
2004	12	2	1	999	12.4	16.9	99	99	99	999	1002.8	9.3	9.5	999	99	99
2004	12	2	2	999	8.8	15.3	99	99	99	999	1004.6	8.5	9.4	999	99	99
2004	12	2	3	999	12.2	16.6	99	99	99	999	1006.3	8.1	9.3	999	99	99
2004	12	2	4	999	11	16.5	99	99	99	999	1007.9	7.7	9.2	999	99	99
2004	12	2	5	999	7.5	10.9	99	99	99	999	1009.5	999	999	999	99	99
2004	12	2	6	999	8.2	14.2	99	99	99	999	1010.7	6.5	9.1	999	99	99
2004	12	2	7	999	4.9	10.2	99	99	99	999	1011.9	6.1	9.1	999	99	99
2004	12	2	8	999	5.7	9.8	99	99	99	999	1012.8	6.1	9	999	99	99
2004	12	2	9	999	5.5	8.5	99	99	99	999	1013.4	6.3	8.9	999	99	99
2004	12	2	10	999	5.2	7.4	99	99	99	999	1014.1	5.1	8.9	999	99	99
2004	12	2	11	999	5.6	6.7	99	99	99	999	1014.9	4.6	8.9	999	99	99
2004	12	2	12	999	4.5	6.3	99	99	99	999	1015.3	4.6	8.8	999	99	99
2004	12	2	13	999	4	6	99	99	99	999	1016	5.7	8.6	999	99	99
2004	12	2	14	999	5.9	7.7	99	99	99	999	1016.4	6.7	8.5	999	99	99
2004	12	2	15	999	6.7	9.5	99	99	99	999	1017	7.7	8.5	999	99	99
2004	12	2	16	999	5.2	6.7	99	99	99	999	1016.4	8.4	8.4	999	99	99
2004	12	2	17	999	4.8	9.7	99	99	99	999	1015.8	8.3	8.3	999	99	99
2004	12	2	18	999	4.6	8	99	99	99	999	1015.3	8.8	8.7	999	99	99
2004	12	2	19	999	3.9	7.4	99	99	99	999	1015.4	8.4	8.6	999	99	99
2004	12	2	20	999	4.3	5.5	99	99	99	999	1015.4	8.6	8.6	999	99	99
2004	12	2	21	999	2.8	5.9	99	99	99	999	1015.5	7.5	8.8	999	99	99
2004	12	2	22	999	3.1	3.9	99	99	99	999	1015.5	6.8	8.7	999	99	99
2004	12	2	23	999	3.4	5.3	99	99	99	999	1015.8	6.2	8.7	999	99	99
2004	12	3	0	999	3.6	4.7	99	99	99	999	1016	5.9	8.7	999	99	99
2004	12	3	1	999	0.2	2.7	99	99	99	999	1015.5	5.4	8.7	999	99	99
2004	12	3	2	999	1.1	3.2	99	99	99	999	1015.3	5.1	8.9	999	99	99
2004	12	3	3	999	1.2	2.9	99	99	99	999	1015.1	5	8.9	999	99	99
2004	12	3	4	999	3.1	4.1	99	99	99	999	1014.7	4.9	8.7	999	99	99
2004	12	3	5	999	1.9	4.2	99	99	99	999	1013.8	5.3	8.3	999	99	99
2004	12	3	6	999	0.1	3.1	99	99	99	999	1012.8	4.7	8.2	999	99	99
2004	12	3	7	999	0	99	99	99	99	999	1012.2	3.1	8.3	999	99	99
2004	12	3	8	999	0	1.2	99	99	99	999	1011.6	2.2	8.8	999	99	99
2004	12	3	9	999	0	99	99	99	99	999	1010.7	1.6	9.1	999	99	99
2004	12	3	10	999	0	99	99	99	99	999	1010.2	1.6	9.1	999	99	99
2004	12	3	11	999	0	99	99	99	99	999	1009.6	2	9.1	999	99	99
2004	12	3	12	999	0	99	99	99	99	999	1009.1	3.2	9.1	999	99	99
2004	12	3	13	999	0	1.3	99	99	99	999	1008.1	4.4	9.1	999	99	99
2004	12	3	14	999	1.5	6.4	99	99	99	999	1009.2	3.2	9.1	999	99	99
2004	12	3	15	999	0.2	6.9	99	99	99	999	1008.3	3.3	9	999	99	99
2004	12	3	16	999	1.1	3.3	99	99	99	999	1007.2	4.9	9.1	999	99	99
2004	12	3	17	999	4.6	7.1	99	99	99	999	1006.1	8.1	9	999	99	99
2004	12	3	18	999	5.4	7.1	99	99	99	999	1005.7	8.8	8.7	999	99	99
2004	12	3	19	999	6.2	9.4	99	99	99	999	1005.9	8.3	8.7	999	99	99
2004	12	3	20	999	4.9	10.4	99	99	99	999	1007.1	8.1	9.2	999	99	99
2004	12	3	21	999	6.6	10.3	99	99	99	999	1008.3	6.9	9	999	99	99
2004	12	3	22	999	7.9	10.2	99	99	99	999	1009.9	6	8.8	999	99	99
2004	12	3	23	999	3.9	5.6	99	99	99	999	1011	4.7	8.8	999	99	99
2004	12	4	0	999	4.3	6.5	99	99	99	999	1011.9	4.3	8.6	999	99	99
2004	12	4	1	999	4.7	9.4	99	99	99	999	1013	4	8.8	999	99	99
2004	12	4	2	999	5.3	8.6	99	99	99	999	1014	3.5	8.7	999	99	99
2004	12	4	3	999	5	7.5	99	99	99	999	1014.5	2.7	8.7	999	99	99
2004	12	4	5	999	5.2	8.3	99	99	99	999	1015.2	1.1	8.4	999	99	99
2004	12	4	6	999	3.3	4.5	99	99	99	999	1015.7	0.9	7.9	999	99	99
2004	12	4	7	999	3.6	6	99	99	99	999	1016.3	0.5	7.7	999	99	99
2004	12	4	8	999	4.1	6.9	99	99	99	999	1016.6	0.1	8.2	999	99	99
2004	12	4	9	999	3.1	4.9	99	99	99	999	1016.7	-0.2	8.1	999	99	99
2004	12	4	10	999	4.2	5.3	99	99	99	999	1016.9	-0.5	8	999	99	99
2004	12	4	11	999	3.9	4.8	99	99	99	999	1017.1	-0.8	7.7	999	99	99
2004	12	4	12	999	3	4.5	99	99	99	999	1017.4	-0.8	7.6	999	99	99
2004	12	4	13	999	3.7	4.4	99	99	99	999	1018.5	0.5	7.6	999	99	99
2004	12	4	14	999	1.4	3.9	99	99	99	999	1018.9	2.3	7.5	999	99	99
2004	12	4	15	999	2.3	3.5	99	99	99	999	1019.4	4.1	7.7	999	99	99
2004	12	4	16	999	0.4	4	99	99	99	999	1018.7	4.4	7.8	999	99	99
2004	12	4	17	999	5.1	5.8	99	99	99	999	1018.1	2.3	7.7	999	99	99
2004	12	4	18	999	5.2	6.6	99	99	99	999	1017.4	2.6	7.5	999	99	99
2004	12	4	19	999	5.2	6.4	99	99	99	999	1016.8	3.2	7.4	999	99	99
2004	12	4	20	999	4.9	7.6	99	99	99	999	1016.5	3.6	7.6	999	99	99
2004	12	4	21	999	4	5.8	99	99	99	999	1016.5	3	7.4	999	99	99
2004	12	4	22	999	4.1	5	99	99	99	999	1016.3	2.8	7.5	999	99	99
2004	12	4	23	999	4.1	6.2	99	99	99	999	1016.2	3.4	7.5	999	99	99
2004	12	5	1	999	6.2	10.4	99	99	99	999	1015.3	4.4	7.6	999	99	99
2004	12	5	2	999	6.2	8.8	99	99	99	999	1015.2	5.1	7.3	999	99	99
2004	12	5	3	999	7.4	10.8	99	99	99	999	1014.5	6.1	7.3	999	99	99
2004	12	5	4	999	7.2	11.8	99	99	99	999	1014.4	6.6	7.3	999	99	99
2004	12	5	5	999	8.1	11.7	99	99	99	999	1013.9	6.8	7.2	999	99	99
2004	12	5	6	999	6.6	10.8	99	99	99	999	1013.4	7.3	7.2	999	99	99
2004	12	5	9	999	4.7	10	99	99	99	999	1013.7	7.5	6.9	999	99	99
2004	12	5	10	999	3.8	5.4	99	99	99	999	1014.2	6.9	6.9	999	99	99
2004	12	5	13	999	5.1	7.2	99	99	99	999	1015.7	7.2	6.9	999	99	99
2004	12	5	14	999	3.4	9	99	99	99	999	1016.3	9.2	7	999	99	99
2004	12	5	15	999	3.8	7	99	99	99	999	1016.8	10.6	7.4	999	99	99
2004	12	5	17	999	4.5	10.1	99	99	99	999	1016.3	11.1	7.3	999	99	99
2004	12	5	18	999	6.8	9.7	99	99	99	999	1016.2	11.7	8.2	999	99	99
2004	12	5	19	999	6.7	9.8	99	99	99	999	1016.8	12	7.9	999	99	99
2004	12	5	20	999	5.1	8.5	99	99	99	999	1018.3	11.4	7.4	999	99	99
2004	12	5	21	999	5.4	10.9	99	99	99	999	1020.2	9.4	7.6	999	99	99
2004	12	5	22	999	2.3	7.4	99	99	99	999	1021.8	8	7.9	999	99	99
2004	12	5	23	999	6.2	8.5	99	99	99	999	1023.4	7.2	8	999	99	99
2004	12	6	0	999	5	7.4	99	99	99	999	1024.4	6	8.1	999	99	99
2004	12	6	1	999	2.5	7.1	99	99	99	999	1025.3	5.1	8.2	999	99	99
2004	12	6	2	999	4.4	7.8	99	99	99	999	1026.2	4.4	8.1	999	99	99
2004	12	6	3	999	2.7	5.4	99	99	99	999	1026.9	3.7	8	999	99	99
2004	12	6	5	999	4.7	7.6	99	99	99	999	1028	2.2	8	999	99	99
2004	12	6	7	999	3.5	4.7	99	99	99	999	1029.3	0.1	9.4	999	99	99
2004	12	6	8	999	2.9	6.1	99	99	99	999	1029.5	-0.6	9.7	999	99	99
2004	12	6	9	999	3.9	5.6	99	99	99	999	1030	-0.7	9.7	999	99	99
2004	12	6	10	999	4	6.5	99	99	99	999	1030.4	-1.1	9.7	999	99	99
2004	12	6	11	999	3	4.8	99	99	99	999	1030.7	-1.9	9.3	999	99	99
2004	12	6	12	999	3.1	5.4	99	99	99	999	1031.3	-2	9	999	99	99
2004	12	6	13	999	5.1	6.5	99	99	99	999	1030.6	-1.7	9	999	99	99
2004	12	6	15	999	4.4	6	99	99	99	999	1031.6	-0.9	8.4	999	99	99
2004	12	6	16	999	3.8	5.6	99	99	99	999	1030.9	-0.5	8.4	999	99	99
2004	12	6	17	999	4	6	99	99	99	999	1029.8	0	7.9	999	99	99
2004	12	6	18	999	3.8	6.7	99	99	99	999	1028.7	0.6	7.9	999	99	99
2004	12	6	19	999	4.9	6.9	99	99	99	999	1028.6	0.7	7.5	999	99	99
2004	12	6	21	999	3.4	5.2	99	99	99	999	1027.3	0.1	8	999	99	99
2004	12	6	22	999	3.8	6	99	99	99	999	1027.8	0.3	9.2	999	99	99
2004	12	7	0	999	4.7	6.1	99	99	99	999	1027.2	0.5	8.4	999	99	99
2004	12	7	1	999	4.3	5.9	99	99	99	999	1026.9	1.3	8.5	999	99	99
2004	12	7	2	999	3.1	5.3	99	99	99	999	1026.7	1.2	8.3	999	99	99
2004	12	7	3	999	2.6	4.8	99	99	99	999	1026.4	1.1	8	999	99	99
2004	12	7	4	999	3.2	4.5	99	99	99	999	1026.5	1.7	7.8	999	99	99
2004	12	7	5	999	3	4.2	99	99	99	999	1026	1.8	7.5	999	99	99
2004	12	7	6	999	3.9	5.2	99	99	99	999	1025.5	2	7.2	999	99	99
2004	12	7	7	999	4.8	5.9	99	99	99	999	1025.3	2.3	7.5	999	99	99
2004	12	7	8	999	2.3	5.9	99	99	99	999	1025	2.5	9.2	999	99	99
2004	12	7	9	999	2.9	4.9	99	99	99	999	1024.5	2.9	9.2	999	99	99
2004	12	7	10	999	3.2	5	99	99	99	999	1024.4	3.3	9.6	999	99	99
2004	12	7	11	999	3.3	4.2	99	99	99	999	1024.1	3.8	9.3	999	99	99
2004	12	7	12	999	3.4	5.1	99	99	99	999	1024.2	4.2	8.9	999	99	99
2004	12	7	13	999	4.4	5.5	99	99	99	999	1023.7	4.1	8.8	999	99	99
2004	12	7	14	999	3.4	6.8	99	99	99	999	1023.3	4.5	8.7	999	99	99
2004	12	7	15	999	3.6	6.3	99	99	99	999	1023.4	4.9	8.7	999	99	99
2004	12	7	16	999	3.3	6.5	99	99	99	999	1022.5	5.2	8.6	999	99	99
2004	12	7	17	999	2.1	5	99	99	99	999	1020.9	5.5	8.4	999	99	99
2004	12	7	18	999	3.3	6	99	99	99	999	1019.3	6.1	8.2	999	99	99
2004	12	7	19	999	3.3	7	99	99	99	999	1017.4	6.3	8.1	999	99	99
2004	12	7	20	999	5.8	9.7	99	99	99	999	1015.7	6.7	8	999	99	99
2004	12	7	21	999	6.1	9.8	99	99	99	999	1014.4	7.4	8.5	999	99	99
2004	12	7	22	999	6.4	9.6	99	99	99	999	1013.1	8.6	9.2	999	99	99
2004	12	7	23	999	6.8	10.2	99	99	99	999	1011.5	9	9.1	999	99	99
2004	12	8	0	999	6.3	9.9	99	99	99	999	1009.8	9.8	9.1	999	99	99
2004	12	8	1	999	5.1	6.9	99	99	99	999	1008.8	10.5	9.1	999	99	99
2004	12	8	5	999	4.9	5.8	99	99	99	999	1005.2	7.3	8.5	999	99	99
2004	12	8	6	999	4.7	6.6	99	99	99	999	1004.7	6.5	8.6	999	99	99
2004	12	8	7	999	4.6	7	99	99	99	999	1004.9	6.1	8.4	999	99	99
2004	12	8	8	999	3.7	5.9	99	99	99	999	1005	5.3	9.1	999	99	99
2004	12	8	9	999	2.6	5.2	99	99	99	999	1005.9	5.3	9.1	999	99	99
2004	12	8	10	999	2.6	4.2	99	99	99	999	1005.6	5.6	9.1	999	99	99
2004	12	8	11	999	0.4	3.2	99	99	99	999	1005.8	5.8	9.2	999	99	99
2004	12	8	12	999	4.6	6.4	99	99	99	999	1006.4	7.8	9.3	999	99	99
2004	12	8	13	999	2.7	6.8	99	99	99	999	1007	8.5	9.4	999	99	99
2004	12	8	16	999	5.5	8	99	99	99	999	1009	13.2	9.1	999	99	99
2004	12	8	17	999	6.7	11.2	99	99	99	999	1009.5	13.7	9.1	999	99	99
2004	12	8	18	999	10.5	15.4	99	99	99	999	1010.4	13.1	9	999	99	99
2004	12	8	19	999	9.8	16.4	99	99	99	999	1011	14.2	9	999	99	99
2004	12	8	20	999	7.6	15	99	99	99	999	1011.8	14	9	999	99	99
2004	12	8	21	999	5.8	10.4	99	99	99	999	1013.2	12.7	8.8	999	99	99
2004	12	8	22	999	5.5	8.5	99	99	99	999	1014.7	11	8.9	999	99	99
2004	12	8	23	999	5.2	8.1	99	99	99	999	1016.2	10	9	999	99	99
2004	12	9	0	999	3.5	9.6	99	99	99	999	1017.7	9.1	9	999	99	99
2004	12	9	1	999	8.4	12	99	99	99	999	1017.8	8.8	8.9	999	99	99
2004	12	9	2	999	5.4	10.8	99	99	99	999	1018.5	8	8.9	999	99	99
2004	12	9	3	999	5	9.6	99	99	99	999	1019.4	7.6	8.9	999	99	99
2004	12	9	4	999	4.5	10.2	99	99	99	999	1019.8	7.2	8.5	999	99	99
2004	12	9	5	999	6.1	9	99	99	99	999	1019.7	6.6	8.4	999	99	99
2004	12	9	6	999	3.7	7.6	99	99	99	999	1020	6.1	8.3	999	99	99
2004	12	9	7	999	1.7	3.7	99	99	99	999	1021.1	5.6	8.3	999	99	99
2004	12	9	8	999	1.8	4.3	99	99	99	999	1021.6	5.3	8.4	999	99	99
2004	12	9	9	999	2.6	4.9	99	99	99	999	1021.5	5	8.2	999	99	99
2004	12	9	10	999	2.2	5.3	99	99	99	999	1022.6	4.4	9.1	999	99	99
2004	12	9	11	999	0	4.4	99	99	99	999	1023.1	4	8.8	999	99	99
2004	12	9	12	999	0.2	4.1	99	99	99	999	1023.2	3.9	9	999	99	99
2004	12	9	13	999	0.3	2.1	99	99	99	999	1023.1	4.1	8.9	999	99	99
2004	12	9	14	999	1.7	3.5	99	99	99	999	1023.3	4.8	8.9	999	99	99
2004	12	9	15	999	2	4.7	99	99	99	999	1023.7	5.9	8.7	999	99	99
2004	12	9	16	999	3	6.8	99	99	99	999	1023.2	5.9	8.7	999	99	99
2004	12	9	17	999	1.3	3.4	99	99	99	999	1023.2	7.3	8.5	999	99	99
2004	12	9	18	999	0	3.4	99	99	99	999	1022.6	7.4	8.5	999	99	99
2004	12	9	19	999	1	4.1	99	99	99	999	1022.5	6.3	8.4	999	99	99
2004	12	9	20	999	3.1	4.1	99	99	99	999	1022.6	6.1	8.3	999	99	99
2004	12	9	21	999	0.8	4.4	99	99	99	999	1022.5	6.1	8.3	999	99	99
2004	12	9	22	999	2.4	5.3	99	99	99	999	1022.7	6.4	8.2	999	99	99
2004	12	9	23	999	3.8	6.4	99	99	99	999	1021.6	6.5	8.9	999	99	99
2004	12	10	0	999	2.3	5.3	99	99	99	999	1020.2	6.6	8.8	999	99	99
2004	12	10	1	999	3.8	5.8	99	99	99	999	1019.4	6.3	8.9	999	99	99
2004	12	10	2	999	3.1	5	99	99	99	999	1019.2	6.8	8.9	999	99	99
2004	12	10	3	999	2.9	5.8	99	99	99	999	1018.2	6.6	8.7	999	99	99
2004	12	10	4	999	1.8	5.3	99	99	99	999	1018.5	5.7	8.6	999	99	99
2004	12	10	5	999	4.1	6.5	99	99	99	999	1018.3	5.5	8.6	999	99	99
2004	12	10	6	999	3.6	5.2	99	99	99	999	1018.1	5.1	8.5	999	99	99
2004	12	10	7	999	3.6	6	99	99	99	999	1017.2	5.3	8.2	999	99	99
2004	12	10	8	999	4.7	7.6	99	99	99	999	1015.6	5.7	8.3	999	99	99
2004	12	10	9	999	4	6.6	99	99	99	999	1014.5	5.7	8.5	999	99	99
2004	12	10	10	999	3.7	7.1	99	99	99	999	1013.4	5.5	8.7	999	99	99
2004	12	10	11	999	3.4	5	99	99	99	999	1013.6	5.3	8.8	999	99	99
2004	12	10	12	999	3.3	6.5	99	99	99	999	1013.7	5.3	8.6	999	99	99
2004	12	10	14	999	4.4	8.5	99	99	99	999	1012.6	6	8.8	999	99	99
2004	12	10	15	999	3.9	7.4	99	99	99	999	1012.4	6	8.7	999	99	99
2004	12	10	16	999	3.7	7.1	99	99	99	999	1011.6	6.3	8.7	999	99	99
2004	12	10	17	999	4.1	8.8	99	99	99	999	1009.1	6.6	8.7	999	99	99
2004	12	10	19	999	3.8	7.7	99	99	99	999	1008.2	7	8.7	999	99	99
2004	12	10	20	999	4.4	7.1	99	99	99	999	1007.1	6.9	8.7	999	99	99
2004	12	10	21	999	4.6	7.8	99	99	99	999	1005.9	999	999	999	99	99
2004	12	10	22	999	4.4	8.2	99	99	99	999	1005.6	7	8.7	999	99	99
2004	12	10	23	999	4.2	7.4	99	99	99	999	1005.2	7.2	8.6	999	99	99
2004	12	11	0	999	4.4	7.1	99	99	99	999	1004.1	7.4	8.5	999	99	99
2004	12	11	1	999	2.9	5.8	99	99	99	999	1003	7.6	8.4	999	99	99
2004	12	11	2	999	2.6	3.9	99	99	99	999	1001.7	7.9	8.7	999	99	99
2004	12	11	3	999	2.3	5.7	99	99	99	999	999.8	8.2	8.7	999	99	99
2004	12	11	4	999	3.5	5.8	99	99	99	999	999.1	8.2	8.7	999	99	99
2004	12	11	5	999	3.6	5.7	99	99	99	999	997.1	999	999	999	99	99
2004	12	11	6	999	3.9	6	99	99	99	999	995.9	8.1	8.7	999	99	99
2004	12	11	7	999	3.6	5.2	99	99	99	999	995.7	7.8	8.7	999	99	99
2004	12	11	8	999	2.2	4.2	99	99	99	999	995.2	999	999	999	99	99
2004	12	11	9	999	0.4	4.5	99	99	99	999	996.2	7.8	8.6	999	99	99
2004	12	11	10	999	0.1	4.5	99	99	99	999	995.7	7.7	8.6	999	99	99
2004	12	11	11	999	2	3	99	99	99	999	995.9	999	999	999	99	99
2004	12	11	12	999	0	3.3	99	99	99	999	996.6	7.6	8.7	999	99	99
2004	12	11	13	999	0	99	99	99	99	999	996.3	7.9	8.6	999	99	99
2004	12	11	14	999	0	99	99	99	99	999	996.7	999	999	999	99	99
2004	12	11	15	999	4.4	5.2	99	99	99	999	996.8	9.8	8.6	999	99	99
2004	12	11	16	999	4.6	6.2	99	99	99	999	996.2	999	999	999	99	99
2004	12	11	17	999	5.1	7	99	99	99	999	995.5	10.3	8.6	999	99	99
2004	12	11	18	999	4.2	7.2	99	99	99	999	994.8	9.9	8.6	999	99	99
2004	12	11	19	999	3.4	5.6	99	99	99	999	993.7	9.9	8.7	999	99	99
2004	12	11	20	999	4.5	6.1	99	99	99	999	994.8	9.5	8.8	999	99	99
2004	12	11	21	999	5	6.2	99	99	99	999	995.3	9.4	8.7	999	99	99
2004	12	11	22	999	3.8	6.7	99	99	99	999	995.4	9.2	8.7	999	99	99
2004	12	11	23	999	4.3	6.8	99	99	99	999	996	9	8.7	999	99	99
2004	12	12	1	999	2.8	3.8	99	99	99	999	996.3	9.1	8.8	999	99	99
2004	12	12	2	999	3.3	4.1	99	99	99	999	996.6	9.1	8.7	999	99	99
2004	12	12	3	999	4.4	6.5	99	99	99	999	996.6	9.2	8.6	999	99	99
2004	12	12	4	999	4.8	6.2	99	99	99	999	997.2	9.2	8.7	999	99	99
2004	12	12	5	999	4.2	7.5	99	99	99	999	996.9	8.8	8.7	999	99	99
2004	12	12	6	999	6.5	8.4	99	99	99	999	997.7	8.3	8.7	999	99	99
2004	12	12	7	999	5.8	9	99	99	99	999	997.9	7.9	8.6	999	99	99
2004	12	12	8	999	5.3	7.5	99	99	99	999	997.9	7.2	8.5	999	99	99
2004	12	12	9	999	5.9	7.2	99	99	99	999	998	6.9	8.4	999	99	99
2004	12	12	10	999	4.7	7.9	99	99	99	999	998.8	5.8	8.4	999	99	99
2004	12	12	11	999	5	9.2	99	99	99	999	999.8	4.2	8.4	999	99	99
2004	12	12	12	999	3.8	6.6	99	99	99	999	1000.7	4.4	8.6	999	99	99
2004	12	12	13	999	4.7	6.5	99	99	99	999	1001.8	4.5	8.4	999	99	99
2004	12	12	14	999	5.3	7.7	99	99	99	999	1002.5	4.4	8.3	999	99	99
2004	12	12	15	999	5.3	7.5	99	99	99	999	1002.7	4.9	8.6	999	99	99
2004	12	12	16	999	6.7	9.1	99	99	99	999	1002.5	5.2	8.6	999	99	99
2004	12	12	17	999	5.3	7.3	99	99	99	999	1002.2	5.5	8.6	999	99	99
2004	12	12	18	999	5.3	9.4	99	99	99	999	1002.4	5.4	8.6	999	99	99
2004	12	12	19	999	6.6	10.7	99	99	99	999	1003	5.6	8.6	999	99	99
2004	12	12	20	999	7	10.3	99	99	99	999	1003.6	5.7	8.6	999	99	99
2004	12	12	21	999	4.7	8.8	99	99	99	999	1004	5.1	8.5	999	99	99
2004	12	12	22	999	3.7	6	99	99	99	999	1004.6	4.9	8.5	999	99	99
2004	12	12	23	999	2.8	5	99	99	99	999	1005.1	4.5	8.3	999	99	99
2004	12	13	0	999	3.6	5.5	99	99	99	999	1005.6	4.3	8.1	999	99	99
2004	12	13	1	999	2.8	4.3	99	99	99	999	1005.7	4.5	8	999	99	99
2004	12	13	2	999	3.3	6.2	99	99	99	999	1005.5	4.6	8	999	99	99
2004	12	13	3	999	2.4	4.6	99	99	99	999	1005.3	4.9	8.4	999	99	99
2004	12	13	4	999	3.7	6.7	99	99	99	999	1004.8	5.9	8.4	999	99	99
2004	12	13	5	999	6.5	9.1	99	99	99	999	1004.4	6.3	8.5	999	99	99
2004	12	13	6	999	6.1	8.9	99	99	99	999	1003.9	6.3	8.4	999	99	99
2004	12	13	7	999	5.2	8.5	99	99	99	999	1003.5	7	8.2	999	99	99
2004	12	13	8	999	0.7	1.6	99	99	99	999	1002.3	7	8.2	999	99	99
2004	12	13	9	999	6.2	13.5	99	99	99	999	1002.3	6.9	8	999	99	99
2004	12	13	10	999	3.5	6.7	99	99	99	999	1001.5	7	8	999	99	99
2004	12	13	11	999	4.8	6.8	99	99	99	999	1001.5	7.5	8.1	999	99	99
2004	12	13	12	999	4.6	6.3	99	99	99	999	1001.3	8	8.1	999	99	99
2004	12	13	13	999	4.7	7.2	99	99	99	999	1001.4	7.9	8.4	999	99	99
2004	12	13	14	999	4.1	6.7	99	99	99	999	1001.3	7.8	8.1	999	99	99
2004	12	13	15	999	4.5	7.5	99	99	99	999	1001.2	8.1	7.9	999	99	99
2004	12	13	16	999	4.7	7.6	99	99	99	999	1000.2	8.4	8.2	999	99	99
2004	12	13	17	999	5.2	8.3	99	99	99	999	1000.1	7.1	8.4	999	99	99
2004	12	13	18	999	4.5	8.2	99	99	99	999	1000	6.1	8.4	999	99	99
2004	12	13	19	999	4	7.2	99	99	99	999	1000	6.3	8.4	999	99	99
2004	12	13	20	999	3.8	6	99	99	99	999	1000.2	6.1	8.4	999	99	99
2004	12	13	21	999	4.4	6.9	99	99	99	999	1000.6	6	8.4	999	99	99
2004	12	13	22	999	3.3	4.7	99	99	99	999	1001	5.6	8	999	99	99
2004	12	13	23	999	4.6	11.9	99	99	99	999	1002.5	4.4	8	999	99	99
2004	12	14	0	999	5.2	8.2	99	99	99	999	1003	4.4	8.1	999	99	99
2004	12	14	1	999	5.7	9.5	99	99	99	999	1003.9	4.1	8	999	99	99
2004	12	14	2	999	10.8	14.1	99	99	99	999	1004.6	3.7	7.7	999	99	99
2004	12	14	3	999	6.3	10.9	99	99	99	999	1005.4	3.2	7.7	999	99	99
2004	12	14	4	999	4.7	8.8	99	99	99	999	1006.1	2.9	8.2	999	99	99
2004	12	14	6	999	5.2	7.7	99	99	99	999	1007	2.5	8.1	999	99	99
2004	12	14	8	999	5.9	9.8	99	99	99	999	1008.2	2.2	8	999	99	99
2004	12	14	10	999	5.8	7.9	99	99	99	999	1009.2	1.8	7.7	999	99	99
2004	12	14	11	999	3.4	6.4	99	99	99	999	1010.4	1.7	7.3	999	99	99
2004	12	14	12	999	3.9	7.1	99	99	99	999	1011.1	2	7.4	999	99	99
2004	12	14	13	999	7.2	10.7	99	99	99	999	1012	3.1	7.4	999	99	99
2004	12	14	16	999	5.5	11.6	99	99	99	999	1014.7	1.3	7.1	999	99	99
2004	12	14	17	999	5.7	11.2	99	99	99	999	1014.8	0.2	8.3	999	99	99
2004	12	14	18	999	5.8	9.9	99	99	99	999	1015.3	0.2	8.2	999	99	99
2004	12	14	19	999	5.2	8.7	99	99	99	999	1016.3	0.4	8.1	999	99	99
2004	12	14	20	999	3.4	8.1	99	99	99	999	1016.9	0.3	8.1	999	99	99
2004	12	14	21	999	4.6	8.2	99	99	99	999	1017.9	-0.7	8.1	999	99	99
2004	12	14	22	999	4.8	9	99	99	99	999	1019	-1.7	8.1	999	99	99
2004	12	14	23	999	5.1	9.6	99	99	99	999	1020.2	-2.3	7.9	999	99	99
2004	12	15	0	999	5.7	9.6	99	99	99	999	1021.1	-2.7	7.4	999	99	99
2004	12	15	1	999	5.1	7.8	99	99	99	999	1022	-3	7.5	999	99	99
2004	12	15	2	999	5.1	8.3	99	99	99	999	1022.5	-3.5	7.3	999	99	99
2004	12	15	3	999	3.7	7.9	99	99	99	999	1022.7	-3.6	6.5	999	99	99
2004	12	15	4	999	5.1	8.7	99	99	99	999	1023.4	-3.9	6.3	999	99	99
2004	12	15	5	999	5.4	7.9	99	99	99	999	1023.5	-4.2	8.3	999	99	99
2004	12	15	6	999	5.4	9.4	99	99	99	999	1023.4	-4.6	8.2	999	99	99
2004	12	15	7	999	5.3	9.2	99	99	99	999	1023.6	-4.8	8	999	99	99
2004	12	15	8	999	6	8.9	99	99	99	999	1024	-5.2	8	999	99	99
2004	12	15	9	999	5.5	10.4	99	99	99	999	1024.1	-5	8.1	999	99	99
2004	12	15	10	999	5.2	9.1	99	99	99	999	1024.5	-5.7	7.8	999	99	99
2004	12	15	11	999	6.4	9.2	99	99	99	999	1025.2	-6.1	7.8	999	99	99
2004	12	15	12	999	5.7	9.4	99	99	99	999	1025.7	-6.1	7.5	999	99	99
2004	12	15	13	999	6.4	9.6	99	99	99	999	1026.4	-5.2	7.1	999	99	99
2004	12	15	14	999	6	9.9	99	99	99	999	1026.9	-4.3	6.6	999	99	99
2004	12	15	15	999	5.9	10.5	99	99	99	999	1027.1	-3.8	5.4	999	99	99
2004	12	15	18	999	4.9	8.9	99	99	99	999	1025.5	-2	7.9	999	99	99
2004	12	15	19	999	3.6	9.8	99	99	99	999	1025.4	-1.3	7.9	999	99	99
2004	12	15	20	999	6.5	9.2	99	99	99	999	1025.7	-0.8	7.6	999	99	99
2004	12	15	21	999	6.1	10	99	99	99	999	1026.3	-1.4	7.7	999	99	99
2004	12	15	22	999	6.1	11.1	99	99	99	999	1027.5	-1.8	7.8	999	99	99
2004	12	16	3	999	3.7	7.1	99	99	99	999	1029.6	-3.5	6.5	999	99	99
2004	12	16	4	999	3.4	6	99	99	99	999	1029.8	-3.7	5.8	999	99	99
2004	12	16	5	999	2.3	6.1	99	99	99	999	1029.6	-4	5.4	999	99	99
2004	12	16	6	999	0.8	3	99	99	99	999	1029.3	-4.2	5.6	999	99	99
2004	12	16	7	999	2.3	4.8	99	99	99	999	1029.9	-4.6	7.6	999	99	99
2004	12	16	8	999	0	4.4	99	99	99	999	1029.9	-4.5	7.6	999	99	99
2004	12	16	9	999	0.1	2.4	99	99	99	999	1029.7	-4.5	7	999	99	99
2004	12	16	10	999	2.5	3.8	99	99	99	999	1029.8	-4.1	6.5	999	99	99
2004	12	16	11	999	0.2	3.4	99	99	99	999	1029.5	-2.8	6.8	999	99	99
2004	12	16	12	999	4.1	5.9	99	99	99	999	1029.8	-2.1	6.6	999	99	99
2004	12	16	14	999	3.6	5	99	99	99	999	1029.9	1.5	6.1	999	99	99
2004	12	16	15	999	5.5	7.4	99	99	99	999	1029.8	3	5.8	999	99	99
2004	12	16	16	999	8.5	9.9	99	99	99	999	1028.8	4	6.1	999	99	99
2004	12	16	17	999	8.9	10.6	99	99	99	999	1027.3	4.2	6.1	999	99	99
2004	12	16	18	999	8.2	10.7	99	99	99	999	1026.5	4.6	6	999	99	99
2004	12	16	19	999	7.5	10.7	99	99	99	999	1025.8	4.5	6.1	999	99	99
2004	12	16	20	999	6.7	9.9	99	99	99	999	1025.2	4.6	6.4	999	99	99
2004	12	16	21	999	6.9	9.3	99	99	99	999	1025	4.3	6.5	999	99	99
2004	12	16	22	999	6.2	7.8	99	99	99	999	1024.7	4	6.4	999	99	99
2004	12	16	23	999	6.1	7.6	99	99	99	999	1024.5	4	6.4	999	99	99
2004	12	17	0	999	6.6	9.6	99	99	99	999	1024.2	4.7	6.3	999	99	99
2004	12	17	1	999	8.3	10.9	99	99	99	999	1023.2	5.1	6.3	999	99	99
2004	12	17	2	999	8.9	10.4	99	99	99	999	1022.7	5.8	6.2	999	99	99
2004	12	17	3	999	7.9	10.4	99	99	99	999	1022.6	5.8	6.4	999	99	99
2004	12	17	4	999	8.4	11	99	99	99	999	1022.2	5.8	6.3	999	99	99
2004	12	17	5	999	7.2	11	99	99	99	999	1021.3	6	6.1	999	99	99
2004	12	17	6	999	7.1	10.7	99	99	99	999	1020.1	6	6	999	99	99
2004	12	17	7	999	10.4	12.7	99	99	99	999	1019.4	6.7	5.9	999	99	99
2004	12	17	8	999	9	14.4	99	99	99	999	1018.5	7.2	6	999	99	99
2004	12	17	9	999	9.4	16.1	99	99	99	999	1017.7	7.7	6.1	999	99	99
2004	12	17	10	999	8.5	14.1	99	99	99	999	1017.2	7.2	6	999	99	99
2004	12	17	11	999	9	13	99	99	99	999	1017.7	6.5	6	999	99	99
2004	12	17	12	999	6.9	8.7	99	99	99	999	1018.5	5.2	6	999	99	99
2004	12	17	13	999	5.3	7.2	99	99	99	999	1018.5	4.4	6.5	999	99	99
2004	12	17	14	999	5.7	7.2	99	99	99	999	1018.7	5.8	6.6	999	99	99
2004	12	17	15	999	6.6	10.4	99	99	99	999	1018.7	6.7	6.7	999	99	99
2004	12	17	16	999	6	9.4	99	99	99	999	1018.4	7.2	6.7	999	99	99
2004	12	17	17	999	8.3	11.4	99	99	99	999	1018.2	7.5	6.9	999	99	99
2004	12	17	18	999	4.7	10.6	99	99	99	999	1018.1	7.6	6.2	999	99	99
2004	12	17	19	999	5.6	8.4	99	99	99	999	1018.7	7.4	6.2	999	99	99
2004	12	17	20	999	6.7	10.5	99	99	99	999	1019.7	5.8	6.9	999	99	99
2004	12	17	21	999	6.5	10.3	99	99	99	999	1020.7	4.5	7	999	99	99
2004	12	17	22	999	6.5	12.9	99	99	99	999	1022.2	3	7.1	999	99	99
2004	12	17	23	999	6	10.6	99	99	99	999	1023.4	2.2	7	999	99	99
2004	12	18	0	999	5.1	10.7	99	99	99	999	1024.3	1.3	6.8	999	99	99
2004	12	18	1	999	3.8	8.8	99	99	99	999	1025.4	0.5	6.7	999	99	99
2004	12	18	2	999	4.1	5.6	99	99	99	999	1026	0	6.8	999	99	99
2004	12	18	3	999	2.7	6.5	99	99	99	999	1026.9	-0.2	6.7	999	99	99
2004	12	18	4	999	4.5	7	99	99	99	999	1027	-0.8	6.7	999	99	99
2004	12	18	10	999	1.6	3.6	99	99	99	999	1027.1	-3.4	7.6	999	99	99
2004	12	18	11	999	0.5	1.6	99	99	99	999	1027	-3.6	7.5	999	99	99
2004	12	18	12	999	1	3.3	99	99	99	999	1027.1	-3.6	7.4	999	99	99
2004	12	18	13	999	0.9	3.5	99	99	99	999	1027	-2	7.3	999	99	99
2004	12	18	14	999	0	2.1	99	99	99	999	1027	0	7.2	999	99	99
2004	12	18	15	999	0	2.9	99	99	99	999	1026.8	1.5	7.1	999	99	99
2004	12	18	16	999	1.6	3.4	99	99	99	999	1025.2	2.3	6.5	999	99	99
2004	12	18	17	999	1.5	4.4	99	99	99	999	1023.6	3.3	6.6	999	99	99
2004	12	18	18	999	2.5	4.4	99	99	99	999	1022.8	3.6	6.5	999	99	99
2004	12	18	19	999	2.6	3.6	99	99	99	999	1022.1	3.8	6.3	999	99	99
2004	12	18	20	999	2	4.4	99	99	99	999	1021.5	4.2	6.2	999	99	99
2004	12	18	21	999	3.5	4.3	99	99	99	999	1021.5	4.1	7.7	999	99	99
2004	12	18	22	999	1.8	2.9	99	99	99	999	1020	3.6	7.7	999	99	99
2004	12	18	23	999	1.6	3.1	99	99	99	999	1019.9	2.9	7.5	999	99	99
2004	12	19	0	999	1.2	4.1	99	99	99	999	1019.2	2.5	7.2	999	99	99
2004	12	19	1	999	3.1	5.8	99	99	99	999	1017.7	2.4	7.5	999	99	99
2004	12	19	2	999	3.5	5.5	99	99	99	999	1016.7	2.6	7.4	999	99	99
2004	12	19	3	999	2.7	5.6	99	99	99	999	1015.9	2.7	6.8	999	99	99
2004	12	19	4	999	1.9	3.1	99	99	99	999	1015.2	2.7	6.9	999	99	99
2004	12	19	5	999	3.5	5.5	99	99	99	999	1013.7	2.7	7	999	99	99
2004	12	19	6	999	4.5	5.8	99	99	99	999	1011.7	2.5	7	999	99	99
2004	12	19	7	999	5	7.2	99	99	99	999	1010.8	2.8	7.2	999	99	99
2004	12	19	8	999	4.6	7.2	99	99	99	999	1009.9	2.5	7.8	999	99	99
2004	12	19	9	999	4.3	7.3	99	99	99	999	1009.5	1.8	7.9	999	99	99
2004	12	19	10	999	5.5	8	99	99	99	999	1009.2	0.6	7.6	999	99	99
2004	12	19	11	999	4.5	8	99	99	99	999	1009	0.6	7.9	999	99	99
2004	12	19	12	999	4.1	6.5	99	99	99	999	1009.3	1.3	7.9	999	99	99
2004	12	19	13	999	2.1	4.2	99	99	99	999	1008.7	2.6	7.9	999	99	99
2004	12	19	14	999	2.9	4.1	99	99	99	999	1009.5	2.7	7.8	999	99	99
2004	12	19	15	999	1.9	3.7	99	99	99	999	1009.7	3	7.8	999	99	99
2004	12	19	16	999	0	3.4	99	99	99	999	1008.7	7	7.7	999	99	99
2004	12	19	17	999	0	99	99	99	99	999	1007.6	6.3	7.6	999	99	99
2004	12	19	18	999	2.9	4.2	99	99	99	999	1007.1	4.4	7.4	999	99	99
2004	12	19	19	999	4	5.2	99	99	99	999	1006.6	4.6	7.4	999	99	99
2004	12	19	20	999	1.7	2.9	99	99	99	999	1006.5	5.3	7.2	999	99	99
2004	12	19	21	999	1.1	3.7	99	99	99	999	1006.5	5.5	7	999	99	99
2004	12	19	22	999	0	99	99	99	99	999	1006.3	5.3	7.2	999	99	99
2004	12	19	23	999	0	99	99	99	99	999	1006.4	5.4	7.1	999	99	99
2004	12	20	0	999	0	99	99	99	99	999	1005.6	5.2	7.1	999	99	99
2004	12	20	1	999	0	99	99	99	99	999	1005.2	4.9	7.2	999	99	99
2004	12	20	2	999	0.5	2.5	99	99	99	999	1004.2	4.8	7.2	999	99	99
2004	12	20	3	999	0	2.8	99	99	99	999	1002.7	4.4	7.1	999	99	99
2004	12	20	7	999	2.8	4.5	99	99	99	999	1000.6	4.1	7	999	99	99
2004	12	20	8	999	5	8	99	99	99	999	1000.5	1.8	6.8	999	99	99
2004	12	20	9	999	7.1	10.5	99	99	99	999	999.8	-0.3	7.8	999	99	99
2004	12	20	10	999	7.3	12.8	99	99	99	999	999.8	-1.1	7.8	999	99	99
2004	12	20	11	999	6.4	10.3	99	99	99	999	1000.9	-2.1	7.6	999	99	99
2004	12	20	12	999	8	13.3	99	99	99	999	1001.8	-3.7	7.7	999	99	99
2004	12	20	13	999	9.4	13.5	99	99	99	999	1002.8	-5.4	7.2	999	99	99
2004	12	20	14	999	7.5	15.8	99	99	99	999	1003.2	-6.5	7	999	99	99
2004	12	20	17	999	7.6	14.2	99	99	99	999	1002.4	-7.3	6.6	999	99	99
2004	12	20	18	999	6.7	14.1	99	99	99	999	1002.7	999	6.5	999	99	99
2004	12	20	19	999	7.3	12.3	99	99	99	999	1004.1	999	6.2	999	99	99
2004	12	20	20	999	7.2	13.8	99	99	99	999	1005.4	999	6.7	999	99	99
2004	12	20	21	999	7.5	12.2	99	99	99	999	1007.1	999	5.8	999	99	99
2004	12	20	22	999	9.2	16.2	99	99	99	999	1008.2	999	6.1	999	99	99
2004	12	20	23	999	9	15.2	99	99	99	999	1010.1	999	5.6	999	99	99
2004	12	21	0	999	9.4	14.7	99	99	99	999	1011.2	999	5.5	999	99	99
2004	12	21	1	999	7	14.2	99	99	99	999	1013.1	999	5.3	999	99	99
2004	12	21	2	999	5.9	14.1	99	99	99	999	1014.7	999	5.3	999	99	99
2004	12	21	3	999	7.9	12.8	99	99	99	999	1014.6	999	5.1	999	99	99
2004	12	21	4	999	7.9	12.4	99	99	99	999	1015.4	999	5.1	999	99	99
2004	12	21	5	999	7.7	10.6	99	99	99	999	1016.4	999	4.9	999	99	99
2004	12	21	6	999	4.2	10.1	99	99	99	999	1016.8	999	4.7	999	99	99
2004	12	21	7	999	4.1	9.5	99	99	99	999	1018	999	4.7	999	99	99
2004	12	21	8	999	5.8	8.6	99	99	99	999	1019.2	999	3.9	999	99	99
2004	12	21	9	999	4.5	8.7	99	99	99	999	1019.7	999	3.5	999	99	99
2004	12	21	10	999	4.4	7.3	99	99	99	999	1021.2	999	3.5	999	99	99
2004	12	21	11	999	4	7.3	99	99	99	999	1021.8	999	3.8	999	99	99
2004	12	21	12	999	4.8	6.4	99	99	99	999	1022.3	999	3.6	999	99	99
2004	12	21	13	999	4.4	6	99	99	99	999	1022.2	999	3.9	999	99	99
2004	12	21	14	999	2.6	6.2	99	99	99	999	1022.7	-9	3.7	999	99	99
2004	12	21	15	999	1.2	2.6	99	99	99	999	1022.3	-7	3.8	999	99	99
2004	12	21	16	999	3.8	5.1	99	99	99	999	1021.5	-5.6	3.5	999	99	99
2004	12	21	17	999	4.2	5.7	99	99	99	999	1020.5	-2.9	3.8	999	99	99
2004	12	21	18	999	6.3	9.5	99	99	99	999	1019.7	-0.8	4.3	999	99	99
2004	12	21	19	999	5.3	7.8	99	99	99	999	1018.8	0.4	4.5	999	99	99
2004	12	21	20	999	4	6.5	99	99	99	999	1018.7	0.9	4.8	999	99	99
2004	12	21	21	999	3.7	6.6	99	99	99	999	1018.5	2.3	5	999	99	99
2004	12	21	22	999	2.1	4.5	99	99	99	999	1018.9	2.4	4	999	99	99
2004	12	21	23	999	2.6	4.1	99	99	99	999	1019.4	3.8	4.1	999	99	99
2004	12	22	0	999	3	4.1	99	99	99	999	1020.2	3.4	4	999	99	99
2004	12	22	1	999	4.4	5.5	99	99	99	999	1021	3.5	4.2	999	99	99
2004	12	22	2	999	4.7	7	99	99	99	999	1021.9	2.5	4.3	999	99	99
2004	12	22	3	999	4.6	6.8	99	99	99	999	1022.6	2.2	4.4	999	99	99
2004	12	22	4	999	2.5	6.8	99	99	99	999	1023.4	1.5	4.4	999	99	99
2004	12	22	5	999	2.4	3.8	99	99	99	999	1023.9	1	4.5	999	99	99
2004	12	22	6	999	0	3	99	99	99	999	1024.5	0.7	4.4	999	99	99
2004	12	22	7	999	1.9	3.8	99	99	99	999	1025	0.6	4.6	999	99	99
2004	12	22	8	999	0	4.5	99	99	99	999	1025.4	1.1	4.8	999	99	99
2004	12	22	9	999	3	3.5	99	99	99	999	1025.5	1.2	4.4	999	99	99
2004	12	22	10	999	0	3.3	99	99	99	999	1025.9	0.5	4.5	999	99	99
2004	12	22	11	999	0	99	99	99	99	999	1026.4	-0.1	4.3	999	99	99
2004	12	22	12	999	0	99	99	99	99	999	1027	1.3	4.6	999	99	99
2004	12	22	13	999	0.1	2.9	99	99	99	999	1027.2	3.9	5.7	999	99	99
2004	12	22	14	999	0	99	99	99	99	999	1027.9	8.3	6.8	999	99	99
2004	12	22	15	999	0	99	99	99	99	999	1028.4	6.8	6.5	999	99	99
2004	12	22	16	999	5	7	99	99	99	999	1027.8	8.6	6.7	999	99	99
2004	12	22	17	999	5.9	7.4	99	99	99	999	1027.3	8.8	6.2	999	99	99
2004	12	22	18	999	4.4	6.9	99	99	99	999	1027.2	9	6	999	99	99
2004	12	22	19	999	5.2	7.5	99	99	99	999	1026.9	9.4	6.2	999	99	99
2004	12	22	20	999	5.4	8.9	99	99	99	999	1026.9	9.7	6.3	999	99	99
2004	12	22	21	999	4.4	6.9	99	99	99	999	1026.8	9.1	6.2	999	99	99
2004	12	22	22	999	4.3	6.6	99	99	99	999	1027.6	9	6	999	99	99
2004	12	22	23	999	5.5	7.3	99	99	99	999	1027.7	9	6	999	99	99
2004	12	23	0	999	5.5	7.7	99	99	99	999	1027.5	9.2	6	999	99	99
2004	12	23	1	999	4.3	7.8	99	99	99	999	1028	9.2	6	999	99	99
2004	12	23	2	999	5.5	6.6	99	99	99	999	1028.1	9.1	6	999	99	99
2004	12	23	3	999	5.7	7.8	99	99	99	999	1027.5	9.5	6	999	99	99
2004	12	23	4	999	4.1	5.7	99	99	99	999	1027.4	9.4	6	999	99	99
2004	12	23	5	999	4.5	7.8	99	99	99	999	1026.9	9.4	6.4	999	99	99
2004	12	23	6	999	6.7	9	99	99	99	999	1026.2	10	6.2	999	99	99
2004	12	23	7	999	6.1	9.3	99	99	99	999	1026	10	6.2	999	99	99
2004	12	23	8	999	7	9.2	99	99	99	999	1026	10.4	6.3	999	99	99
2004	12	23	9	999	7.4	11.2	99	99	99	999	1025.5	11.2	6.3	999	99	99
2004	12	23	10	999	7.8	12.2	99	99	99	999	1024.8	11.4	6.3	999	99	99
2004	12	23	11	999	7.8	10.3	99	99	99	999	1024.4	11.3	6.4	999	99	99
2004	12	23	12	999	7.2	12.4	99	99	99	999	1023.7	10.4	6.5	999	99	99
2004	12	23	13	999	7.8	10.8	99	99	99	999	1023.3	10.4	6.5	999	99	99
2004	12	23	14	999	7.3	11.3	99	99	99	999	1022.8	10.3	6.5	999	99	99
2004	12	23	15	999	7.6	10.7	99	99	99	999	1021.9	10.9	6.6	999	99	99
2004	12	23	16	999	8.5	11.8	99	99	99	999	1020.4	11.7	6.6	999	99	99
2004	12	23	17	999	10.8	15.2	99	99	99	999	1017.5	13.2	6.7	999	99	99
2004	12	23	18	999	8.5	14.7	99	99	99	999	1016.3	11.1	6.8	999	99	99
2004	12	23	19	999	8.8	13.4	99	99	99	999	1014.9	11.8	7	999	99	99
2004	12	23	20	999	10.2	13	99	99	99	999	1013.7	12.1	7.1	999	99	99
2004	12	23	21	999	11.2	15.1	99	99	99	999	1012.8	12.6	7.2	999	99	99
2004	12	23	22	999	12.4	17.5	99	99	99	999	1011.5	12.9	7.2	999	99	99
2004	12	23	23	999	13.4	16.1	99	99	99	999	1009.9	12.8	7.2	999	99	99
2004	12	24	0	999	12.7	18.3	99	99	99	999	1008.7	12.8	7.3	999	99	99
2004	12	24	1	999	11.3	17.1	99	99	99	999	1009.2	13	7.3	999	99	99
2004	12	24	2	999	13.1	17.2	99	99	99	999	1008.4	12.6	7.4	999	99	99
2004	12	24	3	999	5.6	17.3	99	99	99	999	1009.4	9.8	7.5	999	99	99
2004	12	24	4	999	3.3	6.6	99	99	99	999	1009.7	8.8	7.5	999	99	99
2004	12	24	5	999	4.7	5.8	99	99	99	999	1009.9	9.7	7.5	999	99	99
2004	12	24	6	999	3.2	4.4	99	99	99	999	1010.4	9.1	7.4	999	99	99
2004	12	24	7	999	5.6	9.2	99	99	99	999	1011.7	5.8	7.5	999	99	99
2004	12	24	8	999	4.9	8.8	99	99	99	999	1013.8	4.4	7.4	999	99	99
2004	12	24	9	999	6.8	9.6	99	99	99	999	1013.7	3.2	7.4	999	99	99
2004	12	24	10	999	7.3	12.5	99	99	99	999	1014.8	2.2	7.4	999	99	99
2004	12	24	11	999	8	12	99	99	99	999	1016.3	1.2	7.4	999	99	99
2004	12	24	12	999	5.1	8.3	99	99	99	999	1017.3	0.9	7.3	999	99	99
2004	12	24	13	999	5.2	9	99	99	99	999	1017.8	0.7	7.3	999	99	99
2004	12	24	14	999	6.4	12.2	99	99	99	999	1018.5	0.8	7.3	999	99	99
2004	12	24	15	999	5.6	8.7	99	99	99	999	1019	1.1	7.2	999	99	99
2004	12	24	16	999	4.2	6.9	99	99	99	999	1019	1.3	7.2	999	99	99
2004	12	24	17	999	3.8	7.5	99	99	99	999	1018.9	1.5	7.3	999	99	99
2004	12	24	18	999	4.7	7	99	99	99	999	1018.5	1.8	7.2	999	99	99
2004	12	24	19	999	4.2	6.7	99	99	99	999	1018.8	2.1	7.3	999	99	99
2004	12	24	20	999	3.6	6.1	99	99	99	999	1018.9	2	7.1	999	99	99
2004	12	24	21	999	4.4	7.2	99	99	99	999	1019	1.7	7.2	999	99	99
2004	12	24	22	999	4.4	6.7	99	99	99	999	1019.5	1.5	6.9	999	99	99
2004	12	24	23	999	3.4	7.2	99	99	99	999	1019.8	1.2	7	999	99	99
2004	12	25	0	999	3.7	6.4	99	99	99	999	1020.6	1	6.4	999	99	99
2004	12	25	1	999	0.5	4.5	99	99	99	999	1020.6	0.8	6.3	999	99	99
2004	12	25	2	999	1.6	4.6	99	99	99	999	1021	1	7	999	99	99
2004	12	25	3	999	0	3.9	99	99	99	999	1021	0.6	7.1	999	99	99
2004	12	25	4	999	4.3	5.9	99	99	99	999	1021.4	0.3	7	999	99	99
2004	12	25	5	999	2.9	7.6	99	99	99	999	1021.4	-0.4	6.9	999	99	99
2004	12	25	6	999	4.3	6.5	99	99	99	999	1021.4	-0.5	6.9	999	99	99
2004	12	25	7	999	3.5	5.3	99	99	99	999	1021.7	-1	6.9	999	99	99
2004	12	25	8	999	3.4	4.3	99	99	99	999	1022.1	-1.5	6.7	999	99	99
2004	12	25	9	999	3.6	5.1	99	99	99	999	1022	-1.9	6.5	999	99	99
2004	12	25	10	999	2.7	6.3	99	99	99	999	1022.8	-1.9	6.6	999	99	99
2004	12	25	11	999	1.9	4.6	99	99	99	999	1023.4	-2.7	6.3	999	99	99
2004	12	25	12	999	2.9	4.7	99	99	99	999	1023.9	-2.4	6.3	999	99	99
2004	12	25	13	999	1.8	6	99	99	99	999	1024.7	-1.6	6.4	999	99	99
2004	12	25	14	999	3.5	6	99	99	99	999	1025.6	-0.7	7	999	99	99
2004	12	25	15	999	5.3	8	99	99	99	999	1025.6	-0.8	7.2	999	99	99
2004	12	25	16	999	5.3	8.6	99	99	99	999	1025.4	-0.2	7.2	999	99	99
2004	12	25	17	999	5.1	6.9	99	99	99	999	1024.9	-0.6	7.1	999	99	99
2004	12	25	18	999	4.4	7.2	99	99	99	999	1024.6	0.6	6.9	999	99	99
2004	12	25	19	999	4.1	7.1	99	99	99	999	1024.7	1	7	999	99	99
2004	12	25	20	999	3.9	5.6	99	99	99	999	1025.1	1.4	6.9	999	99	99
2004	12	25	21	999	3.3	5.6	99	99	99	999	1025.4	0.5	6.8	999	99	99
2004	12	25	22	999	3.5	5.9	99	99	99	999	1026.3	0.1	6.8	999	99	99
2004	12	25	23	999	4	6.4	99	99	99	999	1026.7	-0.1	6.7	999	99	99
2004	12	26	0	999	3.3	7.4	99	99	99	999	1027.5	-0.7	6.1	999	99	99
2004	12	26	1	999	3.3	6.6	99	99	99	999	1027.5	-0.9	5.7	999	99	99
2004	12	26	2	999	4.2	6	99	99	99	999	1028	-1.1	5.6	999	99	99
2004	12	26	3	999	4.4	6.5	99	99	99	999	1027.8	-1.4	6.9	999	99	99
2004	12	26	4	999	4.7	6.3	99	99	99	999	1027.6	-1.7	7	999	99	99
2004	12	26	5	999	6.2	8.4	99	99	99	999	1027.7	-2.3	6.8	999	99	99
2004	12	26	6	999	5.2	8.6	99	99	99	999	1027.3	-2.7	6.8	999	99	99
2004	12	26	7	999	5.1	8	99	99	99	999	1027.3	-3	6.7	999	99	99
2004	12	26	8	999	6	9.7	99	99	99	999	1027	-3.2	6.4	999	99	99
2004	12	26	10	999	5.3	9.8	99	99	99	999	1026.5	-3.1	6.1	999	99	99
2004	12	26	18	999	5.5	10.9	99	99	99	999	1021.5	-0.7	6.1	999	99	99
2004	12	26	19	999	6.8	9.8	99	99	99	999	1020.7	-0.9	6.2	999	99	99
2004	12	26	20	999	6.4	10	99	99	99	999	1019.9	-1.7	6.1	999	99	99
2004	12	26	21	999	5.9	9	99	99	99	999	1018.7	-1.9	5.9	999	99	99
2004	12	26	22	999	6.5	9.8	99	99	99	999	1018.1	-1.9	5.9	999	99	99
2004	12	26	23	999	6.1	8.9	99	99	99	999	1017.4	-1.7	5.6	999	99	99
2004	12	27	0	999	7	10.1	99	99	99	999	1016.3	-1.4	5.4	999	99	99
2004	12	27	4	999	11.9	16.3	99	99	99	999	1011.5	-0.1	5.4	999	99	99
2004	12	27	5	999	9.8	15.8	99	99	99	999	1011.1	-3.1	5.3	999	99	99
2004	12	27	6	999	12.1	17	99	99	99	999	1011.2	-4.2	5.4	999	99	99
2004	12	27	7	999	10.8	16.3	99	99	99	999	1011.8	-4.7	5.1	999	99	99
2004	12	27	8	999	11.8	16.5	99	99	99	999	1012.4	999	999	999	99	99
2004	12	27	9	999	10.6	17.2	99	99	99	999	1013.3	-4.9	5.2	999	99	99
2004	12	27	10	999	9	14.3	99	99	99	999	1014.5	-5.1	5.3	999	99	99
2004	12	27	11	999	9.5	15.6	99	99	99	999	1015.5	-5.1	5.1	999	99	99
2004	12	27	12	999	9.2	15.1	99	99	99	999	1016.5	-5.1	5.1	999	99	99
2004	12	27	13	999	9.8	15.8	99	99	99	999	1017.7	-4.6	5.2	999	99	99
2004	12	27	14	999	8.3	11.6	99	99	99	999	1019	-4	5.3	999	99	99
2004	12	27	15	999	7	13.6	99	99	99	999	1020	-3.4	5.2	999	99	99
2004	12	27	16	999	7.2	11.1	99	99	99	999	1020.3	999	999	999	99	99
2004	12	27	17	999	6.6	11.5	99	99	99	999	1021.1	-2.5	5	999	99	99
2004	12	27	18	999	8.4	13	99	99	99	999	1021.9	-2.7	5	999	99	99
2004	12	27	19	999	7.5	11.1	99	99	99	999	1023.1	-3	5	999	99	99
2004	12	27	20	999	8.5	13	99	99	99	999	1023.7	-3.3	4.8	999	99	99
2004	12	27	21	999	9.1	14.1	99	99	99	999	1025.3	-4.4	4.8	999	99	99
2004	12	27	22	999	7.9	11.3	99	99	99	999	1026.7	999	999	999	99	99
2004	12	28	4	999	6.5	11.2	99	99	99	999	1031.6	-9.1	3.4	999	99	99
2004	12	28	5	999	6.9	9.9	99	99	99	999	1032	-9.8	3.8	999	99	99
2004	12	28	6	999	6.6	9.4	99	99	99	999	1032.5	-10.2	3.5	999	99	99
2004	12	28	7	999	6.4	10.7	99	99	99	999	1033	-10.6	3.4	999	99	99
2004	12	28	8	999	7.3	10.4	99	99	99	999	1033.4	-10.9	3.3	999	99	99
2004	12	28	9	999	4.8	9.7	99	99	99	999	1033.5	-11	3.3	999	99	99
2004	12	28	10	999	4.5	8.1	99	99	99	999	1033.8	-10.8	3.7	999	99	99
2004	12	28	11	999	4	6.7	99	99	99	999	1033.9	-10.1	3.7	999	99	99
2004	12	28	12	999	4	6.3	99	99	99	999	1034.2	-9.2	3.7	999	99	99
2004	12	28	13	999	0.7	6.5	99	99	99	999	1034.7	-6.2	3.4	999	99	99
2004	12	28	14	999	3.7	8	99	99	99	999	1035	-4.9	3.3	999	99	99
2004	12	28	15	999	4.5	6.5	99	99	99	999	1034.8	-4	3.4	999	99	99
2004	12	28	16	999	3.5	5.4	99	99	99	999	1034.2	-2.2	4	999	99	99
2004	12	28	17	246	1.1	5.7	99	99	99	999	1033.2	-2.5	3.5	999	99	99
2004	12	28	18	279	2.8	5.1	99	99	99	999	1032.4	-1.5	3.6	999	99	99
2004	12	28	21	250	5.3	6.9	99	99	99	999	1030.2	-1.9	3.4	999	99	99
2004	12	28	23	261	5.5	9.8	99	99	99	999	1029.5	-1.3	3.2	999	99	99
2004	12	29	0	268	4.5	8.6	99	99	99	999	1028.8	-1.2	3	999	99	99
2004	12	29	1	256	5.6	8	99	99	99	999	1028	-0.8	3.2	999	99	99
2004	12	29	2	255	8.1	10.8	99	99	99	999	1026.9	-0.9	3.5	999	99	99
2004	12	29	3	260	7.5	11.2	99	99	99	999	1026.5	-0.3	3.3	999	99	99
2004	12	29	6	254	10.4	14.7	99	99	99	999	1022.8	1.5	3.7	999	99	99
2004	12	29	9	257	9.3	13.8	99	99	99	999	1020.7	2	3.6	999	99	99
2004	12	29	10	258	8.7	13.1	99	99	99	999	1020.2	2.1	3.6	999	99	99
2004	12	29	11	259	8.9	14.7	99	99	99	999	1020.3	2.1	3.6	999	99	99
2004	12	29	12	254	6.8	12.5	99	99	99	999	1020.4	1.9	3.6	999	99	99
2004	12	29	13	259	7	9.9	99	99	99	999	1020.6	2	3.6	999	99	99
2004	12	29	14	262	6.9	9.7	99	99	99	999	1020.8	2.1	3.6	999	99	99
2004	12	29	15	268	5.3	9.8	99	99	99	999	1021.5	2.4	3.7	999	99	99
2004	12	29	16	268	4.2	6.6	99	99	99	999	1021.1	3	3.3	999	99	99
2004	12	29	17	273	3.5	5.4	99	99	99	999	1020.5	3.5	3.4	999	99	99
2004	12	29	18	251	3.3	5.6	99	99	99	999	1020.4	5.1	3.5	999	99	99
2004	12	29	19	266	1.7	4.1	99	99	99	999	1020.4	6.7	3.6	999	99	99
2004	12	29	20	289	3	4.4	99	99	99	999	1020.6	6.7	3.6	999	99	99
2004	12	29	21	319	2.7	4.9	99	99	99	999	1021.4	5.3	4.4	999	99	99
2004	12	29	22	310	2.2	3.5	99	99	99	999	1022.4	4.7	4.6	999	99	99
2004	12	29	23	297	2	3.4	99	99	99	999	1023.5	4.6	4.8	999	99	99
2004	12	30	0	291	2.6	3.3	99	99	99	999	1024.1	4.3	4.7	999	99	99
2004	12	30	1	299	2	4	99	99	99	999	1024.8	4.1	4.8	999	99	99
2004	12	30	2	308	1.3	2.6	99	99	99	999	1025.5	3.9	4.7	999	99	99
2004	12	30	3	319	0	2	99	99	99	999	1026	3.7	4.9	999	99	99
2004	12	30	4	79	0	99	99	99	99	999	1026.4	3.3	5	999	99	99
2004	12	30	5	74	0	99	99	99	99	999	1026.4	3.2	5.6	999	99	99
2004	12	30	6	321	0	99	99	99	99	999	1027.1	3.2	5.6	999	99	99
2004	12	30	7	55	0.8	3.5	99	99	99	999	1027.2	3	5.7	999	99	99
2004	12	30	8	53	0.1	2.5	99	99	99	999	1027.7	3	5.8	999	99	99
2004	12	30	9	111	0.4	1.5	99	99	99	999	1027.7	2.8	5.7	999	99	99
2004	12	30	10	352	0.2	1.3	99	99	99	999	1028.8	2.7	5.6	999	99	99
2004	12	30	11	57	0	1.4	99	99	99	999	1029.4	2.5	5.6	999	99	99
2004	12	30	12	51	3.1	3.8	99	99	99	999	1030.7	2.4	5.5	999	99	99
2004	12	30	13	30	2.3	4.6	99	99	99	999	1031.7	2.3	5.3	999	99	99
2004	12	30	14	24	2.7	4.2	99	99	99	999	1032.4	2.4	5	999	99	99
2004	12	30	15	26	3.1	4.7	99	99	99	999	1033.2	2.7	5.8	999	99	99
2004	12	30	16	16	2.5	4.1	99	99	99	999	1032.9	3.8	5.6	999	99	99
2004	12	30	17	30	2.4	5	99	99	99	999	1032.5	4	6.1	999	99	99
2004	12	30	18	14	2.9	4.2	99	99	99	999	1032.8	4.9	6.1	999	99	99
2004	12	30	19	12	3.1	3.9	99	99	99	999	1033	5.4	6	999	99	99
2004	12	30	20	23	1.3	3.8	99	99	99	999	1033.3	5.6	6	999	99	99
2004	12	30	21	8	0	2.2	99	99	99	999	1034	4.8	6	999	99	99
2004	12	30	22	126	0	2.9	99	99	99	999	1034.2	3.3	5.9	999	99	99
2004	12	30	23	118	0	99	99	99	99	999	1035	2.4	5.8	999	99	99
2004	12	31	0	126	0	1.3	99	99	99	999	1035.6	1.9	5.7	999	99	99
2004	12	31	1	114	0.2	1.9	99	99	99	999	1035.7	1.2	5.6	999	99	99
2004	12	31	2	139	0.8	2.5	99	99	99	999	1035.4	1.4	5.4	999	99	99
2004	12	31	3	131	1	1.6	99	99	99	999	1035.6	1.4	5.4	999	99	99
2004	12	31	4	164	0.9	2.9	99	99	99	999	1035.4	3.1	5.1	999	99	99
2004	12	31	5	168	2.2	3.8	99	99	99	999	1034.9	4.4	5	999	99	99
2004	12	31	6	186	3.9	6	99	99	99	999	1034.5	5.1	4.9	999	99	99
2004	12	31	7	205	4.1	7.1	99	99	99	999	1035	5.4	5	999	99	99
2004	12	31	8	204	3.7	4.6	99	99	99	999	1034.5	5.5	5.1	999	99	99
2004	12	31	9	183	4.2	6.9	99	99	99	999	1033.7	5.5	4.9	999	99	99
2004	12	31	10	185	5.1	6.1	99	99	99	999	1033.1	5.9	5.1	999	99	99
2004	12	31	11	187	5.2	6.7	99	99	99	999	1033	6.1	5.1	999	99	99
2004	12	31	12	187	5.7	6.8	99	99	99	999	1033	6.3	5.2	999	99	99
2004	12	31	13	188	7	8.7	99	99	99	999	1032.6	6.4	5	999	99	99
2004	12	31	14	185	6.6	7.9	99	99	99	999	1032.5	6.8	5	999	99	99
2004	12	31	15	188	6.4	8.9	99	99	99	999	1031.9	7.1	5	999	99	99
2004	12	31	16	191	7.1	9.7	99	99	99	999	1030.9	7.5	5.1	999	99	99
2004	12	31	17	206	6.3	8.2	99	99	99	999	1029.9	8.2	5.2	999	99	99
2004	12	31	18	206	6.7	9.2	99	99	99	999	1028.6	8.5	5.3	999	99	99
2004	12	31	19	215	6.8	9.8	99	99	99	999	1027.8	8.5	5.3	999	99	99
2004	12	31	20	213	5.5	7.3	99	99	99	999	1027.2	8.1	5.3	999	99	99
2004	12	31	21	207	4.8	5.8	99	99	99	999	1026.6	8.3	5.4	999	99	99
2004	12	31	22	219	3.3	4.4	99	99	99	999	1026.3	7.6	5.4	999	99	99
2004	12	31	23	230	3.8	5.2	99	99	99	999	1025.9	7.6	5.4	999	99	99