evm.model.chromosome_12.3776	XP_020608625.1	71.920	349	60	6	7	948	22	367	9.08e-171	489
evm.model.chromosome_12.3776	XP_020608579.1	73.734	316	47	4	4	948	21	301	2.00e-159	457
evm.model.chromosome_12.3776	XP_020608578.1	72.152	316	52	4	4	948	21	301	1.51e-157	453
evm.model.chromosome_13.1047	XP_020624833.1	48.125	160	74	3	1	462	10	166	8.81e-47	162
evm.model.chromosome_10.1241	CAH3020865.1	86.260	131	18	0	1	393	1	131	1.05e-79	241
evm.model.chromosome_10.1241	KAJ7382649.1	82.946	129	22	0	1	387	48	176	3.38e-77	237
evm.model.chromosome_10.1241	PFX16090.1	88.000	125	15	0	1	375	1	125	4.88e-76	248
evm.model.chromosome_12.3640	XP_020616236.1	61.719	128	48	1	52	432	18	145	8.51e-48	162
evm.model.chromosome_12.1869	XP_020619240.1	67.442	473	147	5	1	1401	1	472	0.0	659
evm.model.chromosome_12.1869	KAJ7383051.1	56.604	477	196	6	1	1401	1	476	0.0	541
evm.model.chromosome_12.1869	KAJ7383083.1	55.158	475	180	6	1	1401	1	450	5.35e-178	517
evm.model.chromosome_4.1816	XP_020628971.1	62.252	453	158	5	1	1347	1	444	0.0	550
evm.model.chromosome_4.1816	XP_020629912.1	62.174	460	154	6	1	1347	1	451	0.0	543
evm.model.chromosome_4.1816	XP_020629815.1	60.222	450	165	4	1	1347	1	437	0.0	525
evm.model.chromosome_6.1434	KAJ7393026.1	79.710	138	26	2	1	408	1	138	1.10e-62	199
evm.model.chromosome_7.2841	XP_020632625.1	79.522	293	60	0	1	879	1	293	2.55e-150	433
evm.model.chromosome_7.2841	XP_020632654.1	74.061	293	74	2	1	876	1	292	2.62e-134	394
evm.model.chromosome_7.2841	XP_027038176.1	70.690	290	85	0	1	870	1	290	1.29e-133	391
evm.model.chromosome_13.1515	PFX34724.1	47.541	854	434	10	508	3048	105	951	0.0	799
evm.model.chromosome_13.1515	PFX34724.1	47.424	854	435	10	508	3048	1149	1995	0.0	798
evm.model.chromosome_13.1515	PFX32997.1	47.541	854	434	10	508	3048	616	1462	0.0	795
evm.model.chromosome_13.1515	PFX18982.1	47.666	814	413	9	625	3048	2	808	0.0	762
evm.model.chromosome_6.1006	XP_020607957.1	87.500	200	25	0	1	600	1	200	3.03e-98	294
evm.model.chromosome_6.1006	CAH3125945.1	69.000	200	59	1	1	600	1	197	8.26e-73	229
evm.model.chromosome_6.1006	XP_058962905.1	68.000	200	61	1	1	600	1	197	1.63e-71	226
evm.model.chromosome_8.2064	XP_020617492.1	79.225	284	59	0	1	852	1	284	4.90e-132	386
evm.model.chromosome_8.2064	CAH3114337.1	78.873	284	60	0	1	852	1	284	2.91e-128	377
evm.model.chromosome_8.2064	XP_022804284.1	70.775	284	83	0	1	852	1	284	6.37e-114	340
evm.model.chromosome_6.84	XP_022807100.1	52.896	259	99	6	1	747	1	246	3.20e-87	270
evm.model.chromosome_6.84	XP_020618994.1	50.965	259	109	5	1	747	1	251	7.14e-85	266
evm.model.chromosome_6.84	XP_020618995.1	56.175	251	93	7	1	735	1	240	4.67e-84	262
evm.model.chromosome_4.2495	CAH3111341.1	59.743	467	153	11	54	1415	1	445	3.19e-131	398
evm.model.chromosome_4.2495	XP_058963998.1	59.275	469	154	11	54	1415	1	447	2.04e-130	396
evm.model.chromosome_4.2495	XP_022802095.1	54.757	473	176	10	54	1415	1	454	2.57e-120	370
evm.model.chromosome_14.6219	XP_027039168.1	55.449	312	124	5	1	927	7	306	2.62e-93	290
evm.model.chromosome_14.6219	XP_058971686.1	54.167	312	128	5	1	927	7	306	1.24e-92	288
evm.model.chromosome_14.6219	XP_022791756.1	51.923	312	135	5	1	927	7	306	1.18e-86	273
evm.model.chromosome_10.418	XP_020630549.1	52.414	290	79	2	283	1152	3	233	2.59e-91	291
evm.model.chromosome_10.418	XP_020630551.1	64.467	197	70	0	217	807	58	254	2.10e-89	283
evm.model.chromosome_10.418	KAJ7393280.1	65.672	201	69	0	205	807	56	256	5.74e-88	285
evm.model.chromosome_12.1865	XP_020619240.1	67.865	473	145	5	1	1401	1	472	0.0	662
evm.model.chromosome_12.1865	KAJ7383051.1	57.652	477	191	6	1	1401	1	476	0.0	558
evm.model.chromosome_12.1865	KAJ7383083.1	56.000	475	176	6	1	1401	1	450	0.0	531
evm.model.chromosome_14.5366	CAH3018618.1	34.204	383	181	8	52	1158	14	339	4.34e-53	203
evm.model.chromosome_14.5366	CAH3186156.1	33.246	382	186	6	52	1158	13	338	2.32e-52	201
evm.model.chromosome_14.5366	PFX34468.1	35.754	358	167	6	58	1080	36	347	4.68e-50	195
evm.model.chromosome_13.1842	EJJ4340012.1	33.203	256	171	0	632	1399	8	263	3.28e-65	226
evm.model.chromosome_13.1842	EJJ4340012.1	32.812	256	172	0	605	1372	8	263	1.64e-62	219
evm.model.chromosome_13.1842	XP_051798893.1	52.830	265	125	0	599	1393	36	300	1.79e-55	206
evm.model.chromosome_13.1842	XP_051798893.1	52.830	265	125	0	599	1393	54	318	1.79e-55	206
evm.model.chromosome_13.1842	XP_051798893.1	52.830	265	125	0	599	1393	27	291	2.05e-55	206
evm.model.chromosome_13.1842	XP_051798891.1	52.830	265	125	0	599	1393	81	345	4.54e-55	206
evm.model.chromosome_13.1842	XP_051798891.1	52.830	265	125	0	599	1393	99	363	4.54e-55	206
evm.model.chromosome_13.1842	XP_051798891.1	52.830	265	125	0	599	1393	9	273	5.19e-55	206
evm.model.chromosome_12.3432	XP_020608354.1	84.934	604	91	0	1	1812	173	776	0.0	1111
evm.model.chromosome_12.3432	XP_020631940.1	80.629	604	117	0	1	1812	196	799	0.0	1060
evm.model.chromosome_12.3432	PFX29867.1	77.723	606	133	1	1	1818	615	1218	0.0	1015
evm.model.chromosome_12.1878	CAH3122763.1	69.011	839	204	6	28	2535	10	795	0.0	1204
evm.model.chromosome_12.1878	CAH3122763.1	63.333	450	161	3	2518	3864	447	893	0.0	619
evm.model.chromosome_12.1878	CAH3122763.1	42.664	443	223	4	2542	3780	12	453	3.03e-108	375
evm.model.chromosome_12.1878	XP_058973459.1	67.317	872	229	8	22	2535	16	865	0.0	1202
evm.model.chromosome_12.1878	XP_058973459.1	63.288	444	159	3	2536	3864	523	963	0.0	612
evm.model.chromosome_12.1878	XP_058973459.1	43.103	464	233	4	2542	3843	20	482	3.87e-115	395
evm.model.chromosome_12.1878	PFX32559.1	68.578	837	207	6	28	2529	18	801	0.0	1200
evm.model.chromosome_12.1878	PFX32559.1	61.778	450	168	3	2518	3864	455	901	0.0	602
evm.model.chromosome_12.1878	PFX32559.1	42.438	443	222	5	2545	3780	21	461	3.22e-108	375
evm.model.chromosome_8.2226	XP_020624118.1	76.016	246	57	1	1	738	16	259	4.91e-135	391
evm.model.chromosome_8.2226	XP_020601829.1	74.390	246	57	1	1	738	1	240	4.49e-130	378
evm.model.chromosome_8.2226	PFX26700.1	70.732	246	70	2	1	735	1	245	4.68e-125	365
evm.model.chromosome_10.3111	KAJ7363428.1	75.920	299	71	1	16	909	8	306	7.36e-170	484
evm.model.chromosome_10.3111	XP_058955905.1	71.429	301	83	2	13	909	10	309	4.39e-155	446
evm.model.chromosome_10.3111	CAH3120594.1	71.096	301	84	2	13	909	10	309	2.85e-154	444
evm.model.chromosome_9.1668	XP_044172827.1	72.143	280	68	4	55	867	265	543	1.52e-139	415
evm.model.chromosome_9.1668	CAH3143334.1	72.072	222	61	1	31	693	148	369	3.13e-115	347
evm.model.chromosome_9.1668	QNH72484.1	42.705	281	131	8	55	864	259	520	3.71e-56	200
evm.model.chromosome_5.1197	XP_015753792.1	100.000	376	0	0	56	1183	1	376	0.0	787
evm.model.chromosome_5.1197	XP_022780033.1	99.734	376	1	0	56	1183	1	376	0.0	784
evm.model.chromosome_5.1197	XP_027037818.1	99.468	376	2	0	56	1183	1	376	0.0	784
evm.model.chromosome_9.700	XP_020632844.1	61.462	301	102	2	262	1164	2	288	6.76e-121	372
evm.model.chromosome_9.700	XP_020632844.1	49.254	268	122	3	391	1164	302	565	1.85e-75	255
evm.model.chromosome_9.700	XP_020629413.1	62.162	259	97	1	388	1164	76	333	6.79e-105	323
evm.model.chromosome_9.700	XP_020629415.1	62.348	247	92	1	424	1164	3	248	1.38e-99	306
evm.model.chromosome_12.690	XP_020632504.1	66.905	559	176	5	1	1665	72	625	0.0	753
evm.model.chromosome_12.690	XP_020632512.1	66.905	559	176	5	1	1665	19	572	0.0	753
evm.model.chromosome_12.690	CAH3123070.1	57.610	611	202	7	1	1665	508	1117	0.0	692
evm.model.chromosome_12.2852	XP_058946411.1	66.272	169	56	1	1	504	1	169	5.49e-53	179
evm.model.chromosome_12.2852	XP_058946410.1	66.471	170	55	2	1	504	1	170	2.10e-51	176
evm.model.chromosome_12.2852	XP_020606632.1	67.105	152	47	1	1	456	1	149	9.69e-50	171
evm.model.chromosome_11.2803	XP_020612176.1	70.044	454	126	3	10	1371	6	449	0.0	640
evm.model.chromosome_11.2803	XP_020612191.1	66.094	466	145	3	1	1371	1	462	0.0	615
evm.model.chromosome_11.2803	XP_020612177.1	67.249	458	134	4	1	1371	6	448	0.0	608
evm.model.chromosome_14.6207	XP_020613452.1	63.194	288	90	4	73	900	1	284	1.75e-102	313
evm.model.chromosome_14.6207	XP_027039160.1	52.500	320	116	6	73	939	1	315	3.87e-93	290
evm.model.chromosome_14.6207	XP_058943715.1	53.722	309	116	6	73	933	1	304	9.22e-89	286
evm.model.chromosome_14.6207	XP_058943715.1	56.757	222	89	4	277	939	321	536	5.11e-70	238
evm.model.chromosome_10.3085	KAJ7394363.1	52.980	302	130	6	10	888	42	340	6.74e-93	291
evm.model.chromosome_10.3085	KAJ7394364.1	49.191	309	134	12	7	888	243	543	1.45e-74	250
evm.model.chromosome_1.997	KAJ7392019.1	81.185	962	177	2	223	3102	1	960	0.0	1509
evm.model.chromosome_1.997	KAJ7392009.1	80.665	962	182	2	223	3102	1	960	0.0	1490
evm.model.chromosome_1.997	KAJ7392017.1	54.590	1024	456	6	19	3087	31	1046	0.0	1077
evm.model.chromosome_4.902	XP_020629030.1	68.580	1324	315	16	535	4287	32	1327	0.0	1725
evm.model.chromosome_4.902	CAH3030210.1	74.819	1104	267	5	1045	4344	4	1100	0.0	1654
evm.model.chromosome_4.902	XP_028513941.1	59.432	1373	478	20	358	4350	82	1417	0.0	1546
evm.model.chromosome_3.1666	XP_020604940.1	68.204	1409	385	13	1	4098	1	1389	0.0	1896
evm.model.chromosome_3.1666	XP_058950162.1	61.651	1369	466	10	1	4080	1	1319	0.0	1675
evm.model.chromosome_3.1666	XP_027037710.1	61.662	1372	464	11	1	4080	1	1322	0.0	1674
evm.model.chromosome_2.1058	XP_022801524.1	70.240	625	176	5	10	1875	3	620	0.0	914
evm.model.chromosome_2.1058	XP_022801525.1	71.947	606	160	5	67	1875	22	620	0.0	913
evm.model.chromosome_2.1058	CAH3044264.1	70.279	609	178	3	64	1884	5	612	0.0	889
evm.model.chromosome_2.769	XP_027044005.1	97.000	100	3	0	1	300	1	100	5.28e-47	156
evm.model.chromosome_2.769	CAH3024047.1	93.000	100	7	0	1	300	1	100	8.66e-45	150
evm.model.chromosome_2.769	XP_020897968.1	89.109	101	10	1	1	300	1	101	2.54e-42	144
evm.model.chromosome_14.6479	KAJ7378994.1	69.762	797	200	8	715	3063	42	811	0.0	1076
evm.model.chromosome_14.6479	CAB4013739.1	53.448	1044	445	13	34	3072	1	1034	0.0	1022
evm.model.chromosome_14.6479	KAJ7352823.1	61.694	791	188	9	715	3063	567	1250	0.0	922
evm.model.chromosome_14.6479	KAJ7352823.1	50.620	403	159	10	1	1185	191	561	1.30e-89	328
evm.model.chromosome_12.2940	XP_027045710.1	60.461	1171	405	16	1942	5385	28	1163	0.0	1353
evm.model.chromosome_12.2940	XP_022786561.1	61.507	982	341	13	2473	5385	382	1337	0.0	1173
evm.model.chromosome_12.2940	XP_022786561.1	56.129	310	115	5	1942	2838	26	325	2.21e-86	325
evm.model.chromosome_12.2940	XP_058961215.1	62.016	982	336	12	2473	5385	384	1339	0.0	1168
evm.model.chromosome_12.2940	XP_058961215.1	57.419	310	111	5	1942	2838	28	327	1.68e-90	337
evm.model.chromosome_14.6624	KAK2573715.1	99.767	430	1	0	1	1290	431	860	0.0	867
evm.model.chromosome_14.6624	CAH3151102.1	99.767	430	1	0	1	1290	46	475	0.0	863
evm.model.chromosome_14.6624	XP_020631466.1	99.767	430	1	0	1	1290	1	430	0.0	860
evm.model.chromosome_3.1348	KAJ7383588.1	69.406	219	61	3	81	728	3	218	2.37e-100	302
evm.model.chromosome_3.1348	XP_058953483.1	54.217	249	103	3	6	728	21	266	1.98e-83	261
evm.model.chromosome_3.1348	XP_058953481.1	54.217	249	103	3	6	728	25	270	2.05e-83	261
evm.model.chromosome_12.1784	CAB3994344.1	41.487	834	391	18	553	3030	99	843	0.0	617
evm.model.chromosome_12.1784	XP_028397403.1	49.825	572	273	7	556	2262	239	799	0.0	601
evm.model.chromosome_12.1784	XP_029183888.2	49.915	589	272	9	556	2307	137	707	0.0	592
evm.model.chromosome_13.3761	KAJ7383519.1	65.621	733	236	6	3	2183	75	797	0.0	995
evm.model.chromosome_13.3761	KAJ7383519.1	31.702	470	266	10	123	1376	3	469	4.12e-72	262
evm.model.chromosome_13.3761	KAJ7383519.1	36.250	320	184	8	471	1403	1	309	2.00e-55	216
evm.model.chromosome_13.3761	CAH3155367.1	39.474	798	412	11	3	2198	959	1751	0.0	597
evm.model.chromosome_13.3761	CAH3155367.1	37.179	468	270	9	3	1364	903	1360	4.23e-83	301
evm.model.chromosome_13.3761	CAH3155367.1	33.691	466	289	11	6	1364	728	1186	4.19e-67	254
evm.model.chromosome_13.3761	CAH3156491.1	42.375	741	356	13	3	2198	981	1659	3.49e-180	569
evm.model.chromosome_13.3761	CAH3156491.1	39.485	466	272	5	3	1376	751	1214	1.16e-95	338
evm.model.chromosome_13.3761	CAH3156491.1	33.542	480	295	10	3	1397	695	1165	3.65e-72	269
