evm.model.chromosome_12.3776	XM_020752920.1	84.048	746	103	12	201	941	376	1110	0.0	704
evm.model.chromosome_12.3776	XM_020752920.1	85.795	176	22	1	3	175	274	449	6.49e-41	183
evm.model.chromosome_12.3776	XM_020752921.1	83.553	760	105	14	201	951	365	1113	0.0	693
evm.model.chromosome_12.3776	XM_020752921.1	85.795	176	22	1	3	175	263	438	6.49e-41	183
evm.model.chromosome_1q2.3776	XM_020752966.1	85.537	643	81	8	310	951	525	1156	0.0	662
evm.model.chromosome_12.3776	XM_020752966.1	85.666	293	34	4	7	292	116	407	1.72e-76	302q
evm.model.chromosome_10.1241	OY855906.1	89.447	398	38	4	1	396	16241204	16240809	2.24e-136	499
evm.model.chromosome_10.1241	OY855906.1	83.838	396	60	4	1	394	15495800	15495407	1.42e-98	374
evm.model.chromosome_10.1241	XR_002295809.1	86.902	397	50	2	1	396	364	759	1.06e-119	444
evm.model.chromosome_10.1241	XR_002295785.1	86.902	397	50	2	1	396	364	759	1.06e-119	444
evm.model.chromosome_12.1869	OY855905.1	82.694	1433	220	22	1	1416	26690134	26691555	0.0	1247
evm.model.chromosome_12.1869	OY855905.1	81.672	1435	230	27	1	1416	26699429	26700849	0.0	1162
evm.model.chromosome_12.1869	OY855905.1	81.445	1439	233	27	1	1416	26744932	26746359	0.0	1147
evm.model.chromosome_4.1816	OY855913.1	84.260	845	113	17	1	835	19687637	19688471	0.0	806
evm.model.chromosome_4.1816	OY855913.1	83.452	840	127	9	1	834	19445226	19446059	0.0	771
evm.model.chromosome_4.1816	OY855913.1	83.511	843	119	16	1	833	19544547	19545379	0.0	769
evm.model.chromosome_4.1816	OX393569.1	82.832	798	125	9	1	792	5562406	5561615	0.0	704
evm.model.chromosome_4.1816	OX393569.1	79.699	798	144	17	17	805	6983045	6982257	3.69e-154	560
evm.model.chromosome_4.1816	OX393569.1	79.974	764	130	16	44	797	5571477	5570727	1.34e-148	542
evm.model.chromosome_4.1816	XM_020774152.1	81.763	817	142	7	1	812	414	1228	0.0	676
evm.model.chromosome_6.1434	OY855910.1	89.310	290	31	0	7	296	16081106	16080817	8.85e-96	364
evm.model.chromosome_6.1434	OX393568.1	88.294	299	33	2	1	298	17489113	17488816	1.48e-93	357
evm.model.chromosome_6.1434	XR_002297372.1	82.292	384	66	2	29	411	335	717	8.98e-86	331
evm.model.chromosome_7.2841	OY855911.1	85.090	892	130	3	1	891	3825042	3824153	0.0	907
evm.model.chromosome_7.2841	OY855911.1	84.810	869	132	0	1	869	3822562	3821694	0.0	874
evm.model.chromosome_7.2841	OY855911.1	82.373	868	148	4	4	870	3817969	3818832	0.0	750
evm.model.chromosome_7.2841	XM_020776966.1	80.283	847	167	0	1	847	318	1164	3.00e-178	640
evm.model.chromosome_13.1515	OX421452.1	82.282	1981	279	28	388	2358	26565071	26566989	0.0	1648
evm.model.chromosome_13.1515	OX421452.1	83.143	350	59	0	2437	2786	26566999	26567348	1.58e-81	320
evm.model.chromosome_13.1515	OX421452.1	81.940	299	52	2	16	313	26564734	26565031	5.85e-61	252
evm.model.chromosome_13.1515	OZ034733.1	83.380	1077	150	14	1433	2502	8587770	8586716	0.0	970
evm.model.chromosome_13.1515	OY855904.1	89.150	765	57	5	1222	1982	35702854	35703596	0.0	929
evm.model.chromosome_13.1515	OY855904.1	89.826	403	39	2	2219	2620	35703598	35703999	1.88e-140	516
evm.model.chromosome_6.1006	XM_020752298.1	87.874	602	71	2	1	601	1	601	0.0	706
evm.model.chromosome_6.1006	OY855910.1	91.413	361	31	0	1	361	26371241	26371601	4.55e-135	496
evm.model.chromosome_6.1006	OZ026603.1	87.123	365	42	4	1	361	31076781	31076418	6.10e-109	409
evm.model.chromosome_8.2064	XM_020761833.1	83.041	855	143	2	1	854	113	966	0.0	774
evm.model.chromosome_8.2064	OZ038010.1	82.517	858	142	4	1	854	38438120	38438973	0.0	747
evm.model.chromosome_8.2064	OZ026604.1	82.147	857	147	5	1	854	8017537	8016684	0.0	730
evm.model.chromosome_4.2495	OY855913.1	84.725	982	106	19	453	1421	28460702	28461652	0.0	942
evm.model.chromosome_4.2495	OX393569.1	82.176	965	144	15	453	1415	2816667	2817605	0.0	804
evm.model.chromosome_4.2495	OZ026596.1	77.879	990	168	23	453	1421	420736	419777	2.32e-156	568
evm.model.chromosome_14.6219	OY855903.1	87.464	351	37	6	586	930	17117087	17117436	2.08e-105	398
evm.model.chromosome_14.6219	OY855903.1	86.080	352	40	8	586	930	17108065	17108414	4.54e-97	370
evm.model.chromosome_14.6219	OX393561.1	84.590	305	41	2	590	894	37175310	37175012	2.17e-75	298
evm.model.chromosome_10.418	OY855906.1	84.764	571	84	2	189	756	36527426	36526856	5.22e-157	569
evm.model.chromosome_10.418	OY855906.1	83.248	585	90	6	193	773	36535940	36535360	2.46e-145	531
evm.model.chromosome_10.418	OY855906.1	90.099	202	20	0	947	1148	36524660	36524459	9.92e-65	263
evm.model.chromosome_10.418	XM_020774890.1	80.600	567	102	7	193	755	514	1076	2.57e-115	431
evm.model.chromosome_10.418	OX393564.1	83.663	202	33	0	947	1148	3227773	3227974	4.75e-43	191
evm.model.chromosome_12.1865	OY855905.1	83.194	1434	211	24	1	1416	26690134	26691555	0.0	1286
evm.model.chromosome_12.1865	OY855905.1	81.825	1436	226	29	1	1416	26699429	26700849	0.0	1173
evm.model.chromosome_12.1865	OY855905.1	81.610	1441	227	32	1	1416	26744932	26746359	0.0	1158
evm.model.chromosome_12.1865	XM_020763581.1	78.230	1277	248	23	1	1259	427	1691	0.0	791
evm.model.chromosome_12.3432	XM_020752695.1	85.265	1812	265	2	1	1811	517	2327	0.0	1866
evm.model.chromosome_12.3432	XM_020776281.1	80.848	1817	340	8	1	1813	793	2605	0.0	1421
evm.model.chromosome_12.3432	XM_059087494.1	77.845	1828	377	22	1	1817	494	2304	0.0	1107
evm.model.chromosome_12.1878	XM_020763502.1	87.312	1332	160	6	29	1352	629	1959	0.0	1515
evm.model.chromosome_12.1878	XM_027183268.1	80.949	1349	224	22	22	1352	140	1473	0.0	1037
evm.model.chromosome_12.1878	XM_059117476.1	80.949	1349	224	22	22	1352	139	1472	0.0	1037
evm.model.chromosome_8.2226	OY855907.1	87.258	620	70	6	128	741	34220820	34220204	0.0	699
evm.model.chromosome_8.2226	OY855907.1	86.290	620	70	5	127	741	34216389	34215780	0.0	660
evm.model.chromosome_8.2226	OY855907.1	79.612	618	111	12	129	737	34166836	34166225	5.83e-115	429
evm.model.chromosome_8.2226	OX393573.1	85.761	618	83	4	128	741	2744964	2745580	0.0	649
evm.model.chromosome_8.2226	OX393573.1	79.445	613	110	11	129	735	2772377	2772979	3.51e-112	420
evm.model.chromosome_8.2226	OX393573.1	79.521	459	78	14	256	706	2698814	2698364	6.12e-80	313
evm.model.chromosome_8.2226	XM_020768459.1	83.673	686	104	6	60	741	175	856	2.47e-178	640
evm.model.chromosome_10.3111	OY855906.1	90.090	222	20	1	691	910	2094811	2095032	4.61e-72	287
evm.model.chromosome_10.3111	OY855906.1	89.447	199	21	0	1	199	2090604	2090802	1.68e-61	252
evm.model.chromosome_10.3111	OX393564.1	93.750	128	8	0	691	818	27192209	27192082	1.03e-43	193
evm.model.chromosome_10.3111	OX393564.1	92.969	128	9	0	691	818	27340006	27339879	4.81e-42	187
evm.model.chromosome_10.3111	OX393564.1	92.913	127	9	0	692	818	27347413	27347287	1.73e-41	185
evm.model.chromosome_9.1668	OY855908.1	87.595	661	78	2	64	721	23438171	23437512	0.0	763
evm.model.chromosome_9.1668	OZ038011.1	81.003	658	116	8	53	704	38271168	38271822	1.85e-140	514
evm.model.chromosome_9.1668	OY283124.1	80.395	658	120	6	53	704	47493471	47494125	8.67e-134	492
evm.model.chromosome_12.1229	OZ038012.1	92.386	394	12	2	3	378	19186586	19186193	2.69e-150	545
evm.model.chromosome_12.1229	OZ038012.1	90.863	394	18	5	3	378	27216343	27216736	2.73e-140	512
evm.model.chromosome_12.1229	OZ038012.1	91.057	246	4	2	151	378	10664727	10664972	2.30e-81	316
evm.model.chromosome_12.1229	OX419340.1	90.932	397	15	6	3	378	2323922	2324318	7.60e-141	514
evm.model.chromosome_12.1229	OZ026489.1	90.680	397	16	6	3	378	20188970	20188574	3.53e-139	508
evm.model.chromosome_5.1197	XM_020772337.1	92.496	1186	89	0	1	1186	91	1276	0.0	1698
evm.model.chromosome_5.1197	XM_059113091.1	89.390	1131	120	0	56	1186	1	1131	0.0	1424
evm.model.chromosome_5.1197	XM_027182017.1	89.242	1134	122	0	53	1186	70	1203	0.0	1419
evm.model.chromosome_9.700	OY855908.1	82.334	617	104	5	389	1002	6439428	6438814	2.49e-145	531
evm.model.chromosome_9.700	OY855908.1	82.334	617	104	5	389	1002	7027818	7027204	2.49e-145	531
evm.model.chromosome_9.700	OY855908.1	82.250	569	97	3	389	953	7106418	7105850	1.52e-132	488
evm.model.chromosome_9.700	XM_020773756.1	75.858	787	165	18	392	1167	298	1070	3.43e-99	377
evm.model.chromosome_9.700	XM_020773754.1	75.858	787	165	18	392	1167	504	1276	3.43e-99	377
evm.model.chromosome_12.690	OX393562.1	83.333	504	77	6	1	502	3997043	3997541	1.90e-123	459
evm.model.chromosome_12.690	OX393562.1	85.175	371	50	5	494	861	3998799	3999167	1.97e-98	375
evm.model.chromosome_11.2803	XM_020756517.1	77.843	1372	254	33	10	1371	291	1622	0.0	804
evm.model.chromosome_11.2803	XM_020756532.1	84.456	772	116	4	1	770	50	819	0.0	758
evm.model.chromosome_11.2803	OY855909.1	81.122	731	99	26	653	1374	35398646	35399346	8.13e-151	549
evm.model.chromosome_11.2803	OY855909.1	78.049	574	100	20	811	1372	34846850	34846291	1.92e-87	339
evm.model.chromosome_11.2803	OY855909.1	79.694	458	84	9	919	1370	34545083	34545537	1.93e-82	322
evm.model.chromosome_14.6207	OY855903.1	82.553	235	39	2	273	506	17278305	17278538	1.37e-47	206
evm.model.chromosome_1.997	OY855915.1	89.124	331	36	0	2148	2478	16628699	16628369	2.55e-109	412
evm.model.chromosome_1.997	OY855915.1	92.000	250	20	0	1903	2152	16630180	16629931	5.65e-91	351
evm.model.chromosome_1.997	OY855915.1	89.231	195	21	0	1248	1442	16633027	16632833	9.86e-59	244
evm.model.chromosome_1.997	OX393572.1	88.822	331	37	0	2148	2478	6436617	6436947	1.19e-107	407
evm.model.chromosome_1.997	OX393572.1	90.119	253	25	0	1900	2152	6436116	6436368	2.65e-84	329
evm.model.chromosome_1.997	OX393572.1	90.909	220	20	0	2573	2792	6438264	6438483	2.68e-74	296
evm.model.chromosome_4.902	OY855913.1	87.216	2730	332	11	1587	4307	7914438	7911717	0.0	3092
evm.model.chromosome_4.902	OY855913.1	86.737	2752	341	13	1555	4303	7868715	7871445	0.0	3038
evm.model.chromosome_4.902	OY855913.1	86.207	319	38	4	552	870	7863881	7864193	1.73e-87	340
evm.model.chromosome_4.902	OX393569.1	85.812	2643	357	16	1591	4225	16174163	16176795	0.0	2787
evm.model.chromosome_4.902	OX393569.1	84.681	2794	379	24	1558	4336	16184637	16181878	0.0	2743
evm.model.chromosome_4.902	OX393569.1	90.957	188	14	1	1371	1558	16185266	16185082	3.00e-60	250
evm.model.chromosome_4.902	OZ034970.1	83.911	2654	376	34	1583	4222	56760155	56762771	0.0	2488
evm.model.chromosome_4.902	OZ034970.1	85.185	324	41	4	548	870	56755143	56755460	4.84e-83	326
evm.model.chromosome_3.1666	XM_020749281.1	80.483	1573	295	12	657	2223	1003	2569	0.0	1194
evm.model.chromosome_3.1666	XM_022943066.1	73.053	2260	546	52	1	2224	20	2252	0.0	741
evm.model.chromosome_3.1666	XM_022943065.1	73.053	2260	546	52	1	2224	20	2252	0.0	741
evm.model.chromosome_2.1058	OX393574.1	83.740	1310	210	2	573	1879	9330530	9329221	0.0	1236
evm.model.chromosome_2.1058	OY855914.1	82.178	1313	226	7	571	1879	10853105	10854413	0.0	1122
evm.model.chromosome_2.1058	OY855914.1	78.101	1306	271	13	571	1867	10870990	10872289	0.0	813
evm.model.chromosome_2.1058	OY855914.1	80.797	276	39	7	304	569	10851243	10851514	1.01e-46	204
evm.model.chromosome_2.1058	XM_022945790.1	74.053	1742	404	41	148	1862	143	1863	0.0	669
evm.model.chromosome_14.6479	OY855915.1	95.393	2301	95	9	829	3118	4242733	4245033	0.0	3651
evm.model.chromosome_14.6479	OY855915.1	93.494	830	54	0	1	830	4235737	4236566	0.0	1234
evm.model.chromosome_14.6479	OY855903.1	94.396	2302	117	10	829	3118	30766130	30768431	0.0	3526
evm.model.chromosome_14.6479	OY855903.1	94.187	2305	119	10	829	3118	44703478	44701174	0.0	3500
evm.model.chromosome_14.6479	OY855903.1	92.539	831	58	3	1	830	30750566	30751393	0.0	1188
evm.model.chromosome_14.6479	OY855907.1	93.133	830	57	0	1	830	38485907	38485078	0.0	1218
evm.model.chromosome_14.6479	OY855907.1	94.024	251	15	0	829	1079	38483622	38483372	7.24e-100	381
evm.model.chromosome_12.2940	OY855905.1	82.105	1045	170	14	3681	4715	36121990	36123027	0.0	878
evm.model.chromosome_12.2940	OY855905.1	81.429	1050	172	17	3681	4717	36103936	36104975	0.0	837
evm.model.chromosome_12.2940	OY855905.1	85.612	278	40	0	2838	3115	36100859	36101136	6.06e-73	292
evm.model.chromosome_12.2940	OX393562.1	80.784	1046	177	19	3681	4711	26404620	26405656	0.0	797
evm.model.chromosome_12.2940	OZ026595.1	78.958	1017	201	11	3681	4689	36408818	36409829	0.0	680
evm.model.chromosome_12.2940	OZ026595.1	78.853	279	59	0	2837	3115	36406137	36406415	8.18e-42	189
evm.model.chromosome_12.2940	OZ026595.1	86.628	172	19	4	2665	2834	36404087	36404256	2.94e-41	187
evm.model.chromosome_14.6624	XM_020747250.1	90.604	1341	126	0	1	1341	67	1407	0.0	1779
evm.model.chromosome_14.6624	XM_022923763.1	88.674	1342	150	2	1	1341	70	1410	0.0	1635
evm.model.chromosome_14.6624	XM_020747251.1	90.414	1231	118	0	1	1231	68	1298	0.0	1620
evm.model.chromosome_3.1348	OX393562.1	84.229	279	42	2	133	410	30349393	30349670	3.73e-67	270
evm.model.chromosome_12.1784	OZ026604.1	83.561	2567	407	10	489	3045	15791852	15794413	0.0	2388
evm.model.chromosome_12.1784	OZ026596.1	83.373	2526	402	13	489	3002	41432473	41429954	0.0	2322
evm.model.chromosome_12.1784	OZ026596.1	83.828	2325	364	12	681	2999	39218604	39220922	0.0	2200
evm.model.chromosome_12.1784	OX393566.1	83.088	2578	400	28	489	3045	14437946	14435384	0.0	2313
evm.model.chromosome_13.3761	OX393563.1	83.120	391	59	6	1815	2200	2560568	2560180	1.43e-90	350
evm.model.chromosome_13.3761	OY855904.1	79.695	394	70	7	1812	2200	5165458	5165846	2.47e-68	276
evm.model.chromosome_13.3761	OY855904.1	85.475	179	24	2	1192	1369	5350558	5350381	4.28e-41	185
